0	170	266	197	12	127	171	132	173	77	182	218	149	38	189	64	72	28	193	18	82	177	237	195	234	16	232	42	89	169	256	141	229	254	144	7	68	114	228	152	181	133	225	243	108	184	261	100	24	136	113	47	247	160	142	
1	280	12	295	254	273	289	296	293	300	294	257	307	
2	320	339	335	351	327	321	336	287	301	347	
3	359	300	361	287	
4	28	384	392	439	229	221	109	173	24	240	266	99	416	108	166	88	452	78	182	379	433	62	413	104	101	363	441	402	445	228	233	180	401	403	438	
5	27	181	475	526	494	257	285	55	256	31	535	271	434	537	182	316	168	135	267	69	356	245	483	524	485	509	169	20	177	220	418	208	489	505	317	173	474	187	193	471	424	21	
6	390	605	189	38	207	230	11	91	442	659	126	185	225	78	163	28	448	526	22	558	573	672	681	416	366	539	650	543	395	67	95	308	540	10	509	195	471	560	480	8	618	454	414	578	76	608	194	557	597	478	445	170	501	24	551	203	226	306	355	422	427	594	237	385	167	591	569	644	415	550	450	491	265	619	386	152	63	418	577	622	
7	81	456	357	21	517	687	258	173	293	688	227	
8	482	478	689	5	
9	651	509	10	497	210	11	99	190	6	663	520	237	487	655	154	469	503	526	31	196	479	59	179	131	530	460	175	702	217	155	12	81	518	191	293	163	
10	172	190	434	736	743	751	719	229	662	7	572	349	746	709	720	273	56	507	124	28	729	737	726	427	450	394	721	722	727	750	426	369	41	174	430	195	
11	171	380	201	275	203	683	142	169	173	126	
12	911	819	117	156	804	31	912	862	693	767	691	430	524	291	7	237	224	773	454	337	137	278	515	215	904	801	472	634	896	719	821	900	405	886	477	44	180	684	808	187	631	780	764	587	824	887	181	184	747	152	49	917	81	771	754	395	259	670	120	57	154	795	505	818	331	509	749	397	279	884	6	386	177	504	167	347	517	674	305	650	731	313	67	409	338	470	490	293	806	450	817	739	179	841	601	768	866	510	735	848	185	620	207	493	568	299	442	307	756	758	762	547	566	661	734	359	456	344	262	240	529	60	196	513	410	584	183	
13	275	516	282	18	41	819	284	241	95	513	312	24	791	318	115	715	69	427	844	
14	242	257	929	332	408	475	925	243	507	747	110	8	147	814	753	281	844	878	279	619	
15	88	181	236	941	215	201	226	582	208	301	232	426	21	769	239	530	283	94	97	760	194	124	943	163	660	656	179	470	
16	918	244	285	0	150	
17	63	211	21	735	110	215	193	609	698	186	134	613	481	496	646	662	959	964	638	13	142	704	7	728	949	391	60	208	209	715	581	972	284	691	195	285	526	88	514	46	486	203	241	415	196	177	286	44	761	434	223	410	611	93	485	
18	267	324	381	3	
19	377	171	587	49	94	632	81	762	242	
20	991	263	982	740	973	986	216	993	695	423	451	572	975	447	875	757	563	437	984	319	444	557	815	407	412	668	977	929	985	759	217	184	439	144	327	
21	790	264	450	240	173	398	143	109	455	999	375	225	166	194	650	200	152	510	779	357	509	228	402	931	289	
22	602	322	12	82	548	81	170	133	152	87	221	203	175	130	527	746	101	704	661	407	693	188	545	49	256	208	70	596	709	210	
23	741	63	55	299	401	726	99	108	371	728	215	70	918	
24	196	741	431	7	968	603	494	654	6	140	221	142	188	182	126	
25	254	126	315	180	256	870	273	750	108	978	1011	6	596	741	291	14	590	110	457	282	0	
26	120	280	122	99	1016	
27	195	443	528	331	285	194	221	173	218	97	229	69	664	478	442	
28	311	479	188	302	301	538	
29	254	68	687	6	537	779	293	538	
30	492	1019	31	704	301	267	318	
31	244	248	258	865	287	110	293	270	
32	259	878	677	342	
33	287	298	897	1023	
34	332	880	325	875	260	
35	877	872	874	260	
36	194	684	272	404	549	664	362	23	929	10	117	
37	256	1035	408	939	405	719	1028	1033	525	117	224	126	0	388	399	1015	96	401	418	154	225	251	233	242	
38	312	301	747	314	
39	257	269	753	878	346	339	336	
40	473	288	745	95	237	513	264	422	194	134	
41	431	218	741	356	366	470	280	925	76	520	505	289	594	24	82	1043	731	368	174	825	417	141	427	684	379	1039	468	72	87	81	97	53	101	490	272	70	
42	558	46	1051	408	741	271	119	844	579	63	180	750	251	230	580	171	216	150	168	1052	538	299	791	930	407	322	965	549	274	152	596	315	497	422	288	683	236	366	314	174	70	431	353	113	
43	49	236	200	190	691	384	259	175	88	86	208	327	257	256	80	142	446	624	207	132	755	664	201	21	447	552	433	215	30	442	
44	281	819	12	107	762	595	275	99	1059	
45	312	92	332	306	99	
46	682	302	301	285	323	
47	192	427	258	268	426	305	679	135	169	987	131	608	1064	
48	587	877	384	1017	346	724	2	517	419	1082	97	530	122	472	903	171	576	100	422	121	1002	701	208	147	1020	92	238	286	474	731	107	513	461	580	945	714	234	54	41	301	385	52	712	
49	8	326	543	474	
50	209	63	133	678	
51	761	301	110	404	287	462	236	332	274	474	106	
52	150	180	545	280	99	
53	105	244	290	822	819	0	271	117	49	332	324	345	120	
54	272	404	6	173	
55	43	72	153	180	218	203	375	727	382	577	596	746	407	796	929	294	384	171	870	401	86	160	482	28	968	116	293	280	584	409	549	768	225	233	793	367	1091	
56	224	1072	587	1010	825	280	709	180	931	843	248	242	470	418	63	287	78	824	194	49	293	
57	1096	99	691	310	639	155	346	654	1018	1097	650	119	1101	1099	212	1007	557	202	461	489	496	19	513	1102	6	24	432	110	115	474	
58	198	422	429	401	769	133	257	183	582	276	53	615	3	639	509	567	728	239	51	614	656	669	1110	619	605	6	708	285	607	974	52	426	208	150	726	120	709	658	523	945	704	504	11	312	506	211	1020	23	741	723	546	1114	317	1117	47	659	487	179	404	648	731	49	518	403	356	525	1092	32	484	209	663	182	392	738	41	38	
59	653	497	209	392	524	664	514	150	735	1121	214	557	658	63	612	608	591	130	728	127	507	20	504	428	196	184	522	426	22	27	603	8	505	683	97	11	809	434	750	69	403	
60	747	309	300	268	
61	1133	49	226	709	698	96	282	32	1134	120	1076	237	435	1127	27	696	21	462	1059	293	305	527	55	209	482	520	167	88	23	85	216	116	169	1090	244	951	134	420	172	461	381	11	68	166	1008	248	
62	125	595	236	287	404	472	1007	1137	299	99	224	19	761	250	305	545	5	275	
63	590	558	430	182	63	355	268	70	185	3	226	171	21	215	217	189	624	538	767	8	404	198	124	272	181	270	312	567	81	173	221	140	201	99	134	530	519	187	568	661	
64	470	47	190	377	660	209	581	650	675	14	120	210	6	401	0	1141	
65	293	49	824	180	0	287	8	
66	6	120	832	63	545	411	
67	177	275	281	110	126	287	
68	741	8	180	11	128	174	1143	297	123	1141	97	264	762	
69	472	173	87	342	201	428	142	100	1029	558	1132	82	1064	94	47	174	495	297	382	226	761	78	754	1145	98	188	
70	153	284	428	356	173	345	134	
71	76	580	214	434	565	171	503	479	229	187	401	219	581	381	519	653	475	1147	86	190	233	527	0	552	146	50	514	
72	254	201	196	187	155	153	649	474	506	11	245	172	659	
73	244	507	271	1083	312	689	12	
74	234	150	293	695	1027	951	475	270	303	78	459	407	236	1149	128	
75	292	602	6	60	275	323	581	918	1047	1018	171	136	530	1128	1155	850	
76	175	497	473	208	1027	90	191	510	275	68	99	430	167	198	
77	288	287	254	300	
78	257	305	1016	9	332	250	221	318	274	18	275	
79	233	513	302	49	78	
80	0	925	168	149	97	150	755	146	1058	117	455	
81	404	528	120	513	431	429	1058	1163	659	221	6	49	293	480	275	325	1133	182	581	86	481	117	510	587	602	474	356	229	217	287	139	417	1100	
82	470	76	258	863	337	384	931	844	464	232	411	68	891	116	1	77	412	865	322	247	55	404	1100	150	93	138	831	683	120	124	96	
83	1046	110	404	822	69	273	221	147	522	272	86	11	316	
84	187	689	588	1102	631	448	1008	231	461	153	1120	413	63	1136	227	519	481	185	419	422	69	507	318	271	167	1169	484	26	1073	236	269	215	706	1112	228	662	415	70	288	487	427	41	237	1074	508	96	81	249	501	120	659	50	1038	416	280	983	267	
85	326	1175	303	878	
86	191	152	232	422	3	1187	20	366	708	320	195	1178	49	865	208	317	88	1040	322	780	207	117	788	1015	89	110	153	501	576	71	683	410	227	157	1176	597	1184	120	32	96	402	408	
87	353	312	689	285	
88	723	172	708	211	215	14	99	268	48	212	282	874	844	150	120	
89	1108	288	720	381	310	964	99	29	56	520	473	88	97	191	51	222	189	965	95	941	220	1004	729	16	149	165	961	161	125	268	131	1194	649	312	712	567	30	1038	515	1205	479	8	148	211	1196	1047	22	197	601	215	63	812	10	96	233	356	530	487	683	463	
90	203	1191	479	96	134	615	600	210	514	650	182	747	49	350	171	509	734	681	130	
91	411	7	731	156	452	635	962	1017	627	306	730	734	1214	580	321	1046	152	114	788	232	799	1213	198	427	281	327	131	178	503	273	81	1210	780	27	401	801	1078	46	650	12	691	211	714	6	1022	550	95	707	369	1	192	527	721	402	91	793	565	257	979	448	61	159	465	180	1015	595	229	48	1032	133	760	430	4	1208	581	960	238	
92	865	844	274	14	
93	60	281	234	175	699	401	745	333	417	1088	526	1210	155	734	929	1009	1198	1219	28	673	482	474	1090	1205	227	630	190	435	194	1134	24	454	226	214	384	1100	692	53	1139	548	683	672	1225	8	280	509	863	422	463	507	1217	189	624	337	819	722	782	473	1031	16	356	447	237	209	527	434	505	150	222	685	727	131	410	737	714	301	61	767	1057	257	
94	449	404	401	225	419	735	264	288	171	462	132	152	390	707	495	861	274	714	551	442	545	559	448	778	95	181	238	7	1226	430	464	67	72	473	355	648	482	6	435	678	649	214	281	23	110	218	622	140	394	630	150	1227	738	101	513	
95	478	1231	175	513	189	99	82	184	55	155	180	
96	422	27	194	95	192	172	99	495	662	196	221	68	
97	151	193	987	172	513	
98	55	237	68	180	244	930	337	677	596	402	432	195	401	627	0	328	1078	171	1118	106	693	78	750	167	740	119	828	
99	325	312	751	886	884	989	270	891	314	301	880	
100	845	923	1027	279	818	830	839	368	180	814	470	1056	1092	
101	767	529	392	98	117	822	227	46	94	402	442	596	688	210	175	674	181	285	855	221	549	784	301	186	649	733	611	97	232	10	200	201	671	865	384	37	95	81	327	796	194	576	808	
102	180	143	256	203	251	
103	293	275	311	125	309	149	455	329	146	110	267	406	300	894	49	323	99	332	353	254	839	345	
104	689	287	267	879	
105	243	827	27	581	76	24	63	222	209	683	161	274	
106	312	321	324	270	
107	236	0	747	303	20	318	
108	870	294	567	232	121	175	923	226	408	209	185	587	929	76	551	117	80	229	28	257	249	1010	412	930	1012	450	95	171	519	213	0	475	230	57	747	322	237	943	67	796	11	654	172	225	24	27	
109	422	778	790	62	1221	567	764	42	337	584	314	450	549	68	1	78	779	872	401	1205	750	1246	81	807	738	299	
110	285	327	314	886	
111	302	902	353	689	886	747	688	753	324	
112	322	276	318	594	974	126	254	244	1250	325	
113	473	174	526	171	99	134	268	167	317	
114	184	979	740	55	529	76	264	12	283	78	846	88	227	95	99	97	7	921	
115	180	602	327	306	258	144	284	639	247	220	6	839	288	510	267	309	581	297	270	303	287	310	595	332	992	901	298	301	
116	143	281	257	267	1058	757	172	595	97	1046	742	248	750	894	545	142	1056	
117	78	6	183	550	155	171	133	319	97	773	671	510	54	527	
118	146	406	1165	208	51	69	27	458	276	92	454	221	916	258	225	1100	981	195	384	337	123	267	448	95	812	298	381	865	754	187	81	286	192	844	88	212	
119	124	514	236	120	116	
120	117	514	508	11	427	116	716	179	120	471	97	123	356	155	
121	698	196	186	509	69	569	1112	214	377	714	660	211	
122	22	142	275	99	318	133	734	703	961	706	
123	225	153	167	143	
124	429	497	750	481	656	492	995	510	686	410	234	939	784	197	172	167	162	242	269	115	368	119	356	221	709	383	63	382	94	55	584	317	733	387	708	755	
125	293	314	322	261	681	326	680	288	325	
126	49	228	448	270	
127	685	257	208	135	275	68	507	339	467	27	222	131	195	377	379	150	282	391	418	81	214	227	192	941	604	422	1220	96	98	221	55	132	392	64	602	209	
128	267	269	312	994	989	302	
129	410	146	293	3	738	443	122	70	373	805	221	730	225	1087	251	97	476	618	352	180	500	974	290	92	201	688	1150	267	99	384	1088	194	4	0	280	238	1247	1012	320	98	551	875	1033	507	312	452	945	402	939	314	147	292	495	37	266	388	81	893	894	249	230	1057	248	1266	1274	38	832	110	449	16	
130	123	273	301	125	284	812	
131	11	55	174	805	
132	242	312	314	259	285	
133	338	312	677	507	257	
134	451	4	580	32	1216	1045	228	503	54	229	293	
135	285	256	222	302	743	8	1141	
136	299	88	256	689	95	747	78	471	475	
137	602	184	115	25	486	14	492	136	495	482	
138	739	285	149	1232	
139	257	324	267	879	
140	24	234	243	824	1243	117	475	1046	716	244	1282	870	146	406	14	695	105	289	329	293	273	
141	267	90	146	133	894	321	
142	285	312	332	325	
143	746	646	422	3	962	11	712	726	195	123	404	453	19	222	55	54	522	261	7	342	220	13	315	728	750	392	317	179	784	128	211	69	684	47	499	325	1064	1011	653	104	741	
144	182	337	104	235	1046	672	442	133	293	1215	245	412	815	742	762	548	355	281	6	283	24	485	1211	819	923	272	727	299	259	105	314	410	641	932	788	221	30	194	568	21	933	446	96	594	2	1209	681	327	211	258	992	686	58	16	1207	895	68	684	346	22	4	1214	739	
145	312	344	285	299	345	
146	268	291	301	749	
147	203	173	473	1011	180	417	163	227	7	49	6	167	968	
148	1295	344	310	312	324	244	339	
149	126	272	245	146	292	474	
150	516	215	434	469	450	194	65	835	11	1285	508	530	46	1073	124	9	131	698	113	153	159	12	812	86	136	1297	521	460	233	628	286	174	502	380	1069	24	505	32	162	431	496	386	355	68	504	87	493	955	627	289	207	168	410	110	30	392	461	96	674	583	88	
151	318	172	152	65	784	486	400	285	50	698	739	844	780	271	7	190	411	87	719	254	548	
152	356	257	21	171	
153	461	918	173	944	237	181	473	171	301	707	
154	747	299	244	331	
155	8	11	47	156	186	316	21	
156	267	117	1131	92	275	24	933	297	272	288	
157	289	6	292	124	55	215	482	282	293	1066	81	240	162	744	384	225	91	301	276	647	432	409	543	708	470	569	23	160	122	448	227	69	513	977	
158	987	870	8	1131	23	292	271	95	475	24	357	300	1022	327	879	129	14	450	587	411	249	
159	921	301	281	461	236	233	543	126	843	275	431	212	457	99	208	20	292	718	627	769	194	160	60	411	
160	314	180	186	132	49	212	434	581	264	190	427	
161	78	6	27	207	473	150	104	180	
162	96	432	285	215	
163	290	596	280	1024	844	236	328	470	689	750	747	825	
164	126	431	215	1118	168	201	
165	327	287	345	893	
166	602	231	529	221	239	72	672	477	830	183	492	697	640	
167	258	293	322	117	1050	221	741	251	279	596	1277	256	818	
168	683	171	210	704	320	299	307	
169	257	258	987	298	
170	886	304	325	339	305	
171	176	611	605	424	581	
172	300	994	321	333	291	1264	267	983	
173	762	81	948	48	475	1311	121	65	714	339	780	322	861	422	55	69	761	154	161	267	137	68	62	581	363	392	247	822	1040	1073	385	97	383	116	1220	
174	49	668	192	97	214	194	131	
175	880	267	302	116	6	926	507	245	947	293	269	287	
176	167	688	215	49	291	173	178	68	299	195	420	339	507	641	959	333	270	120	357	237	59	321	320	
177	983	1015	292	194	587	728	240	782	1118	482	49	117	201	818	695	203	182	231	1100	57	209	21	339	124	844	273	122	872	464	293	430	681	116	483	384	627	217	219	105	539	23	730	283	110	70	789	196	977	183	303	468	457	69	68	
178	268	315	330	320	915	287	314	913	
179	683	317	55	659	784	777	432	203	366	734	155	215	
180	301	812	618	1051	763	307	1094	924	1281	1271	1060	129	545	1393	680	755	250	1376	928	990	1336	18	326	221	1016	1059	1214	1021	1366	283	1320	883	936	930	975	150	543	1046	869	475	1325	128	1116	877	1329	984	817	23	1275	1196	290	1371	408	284	1375	546	1170	1163	1241	146	1342	828	147	102	411	148	1332	14	244	765	136	454	1343	933	124	1136	1056	507	255	328	1353	1047	125	119	1337	1348	1001	
181	49	120	190	180	125	
182	269	484	330	719	176	430	229	54	211	240	
183	249	836	212	275	738	1019	427	184	791	1060	605	503	174	1120	90	285	380	1005	68	595	507	664	941	693	237	0	401	1396	217	723	69	692	1007	552	491	14	63	691	392	66	446	46	422	320	13	812	994	735	402	300	
184	49	700	85	513	446	274	110	24	320	
185	99	242	225	1041	828	97	299	78	565	11	1082	384	120	594	587	301	539	1252	
186	64	214	167	212	195	172	581	22	706	650	662	
187	634	484	497	863	95	78	503	175	96	232	120	483	287	6	208	1212	156	203	929	567	142	876	
188	126	531	117	1097	267	99	617	55	482	511	951	119	95	193	660	567	432	14	196	472	1055	485	633	43	1064	404	282	135	377	130	195	1371	58	1153	522	530	646	
189	339	287	596	236	301	272	147	244	293	543	716	
190	895	301	312	749	330	
191	124	812	1136	8	256	300	301	
192	68	553	392	23	1	0	626	484	692	267	331	868	754	486	81	762	258	120	342	193	99	780	561	353	
193	401	234	116	71	214	178	117	228	159	1092	161	466	204	281	225	53	177	990	431	791	1106	174	176	28	719	545	224	529	97	1411	134	673	186	945	180	190	226	465	863	478	470	85	382	761	164	678	501	156	356	181	653	27	320	473	3	123	567	422	160	506	375	
194	303	1417	432	45	778	357	60	383	750	1412	796	99	134	180	635	126	581	197	677	
195	579	1240	69	241	256	7	172	
196	171	339	320	345	327	55	54	209	231	321	189	301	1227	778	353	384	230	577	229	750	3	537	331	
197	628	180	126	233	1168	23	473	567	184	236	97	50	49	80	30	14	10	558	78	410	368	63	322	190	479	153	215	978	474	240	681	446	107	409	160	381	
198	116	947	474	267	987	0	1353	407	
199	755	111	409	32	150	469	94	471	8	673	575	55	61	754	102	651	514	448	234	285	450	229	933	801	981	719	1027	176	1138	1032	419	742	472	290	147	244	68	1072	187	983	577	173	830	
200	76	1062	339	1	602	581	746	203	117	206	451	1228	1152	267	510	954	978	550	431	505	180	190	479	240	401	635	216	81	191	586	580	750	96	577	1210	175	430	3	520	1420	97	257	1165	461	402	94	1207	675	179	44	227	653	302	47	734	221	395	1267	356	657	885	211	1427	163	365	314	61	185	698	323	230	199	332	1069	654	1005	201	
201	268	203	241	0	
202	331	281	747	0	275	627	282	221	
203	241	320	873	11	44	301	332	1193	
204	677	288	242	268	
205	241	287	268	322	682	1433	1175	1232	358	1174	259	299	
206	356	579	142	86	21	149	507	1196	292	69	12	422	460	55	755	81	1101	526	753	327	281	596	427	567	874	32	293	1434	10	54	590	210	863	178	1224	565	126	186	539	996	1349	174	57	977	124	786	
207	210	203	96	434	193	429	
208	15	897	180	348	126	812	
209	203	256	464	68	242	186	481	955	526	450	1117	691	750	968	237	185	48	1027	952	97	173	289	166	925	152	218	
210	525	126	299	527	63	204	490	
211	190	422	316	644	245	
212	482	12	602	134	508	23	454	287	194	7	777	198	596	734	431	608	156	217	251	317	163	169	228	627	474	
213	180	481	607	150	184	426	165	88	567	959	324	10	167	68	41	63	707	172	91	312	339	222	31	171	1128	
214	7	204	49	76	432	238	55	150	194	226	431	211	163	229	1062	448	217	53	
215	26	402	46	203	227	832	233	2	133	734	78	1100	1066	507	225	220	545	149	651	55	789	654	395	230	188	6	
216	664	362	37	257	184	32	577	553	230	194	596	173	809	180	225	
217	641	193	167	3	788	287	1072	207	662	55	
218	113	131	854	878	178	
219	297	324	332	285	
220	1313	257	37	401	41	99	1436	1207	258	226	467	171	3	149	160	750	1249	49	107	406	390	466	334	297	68	209	78	484	16	
221	325	11	723	464	715	124	108	237	239	1238	558	367	131	507	553	366	154	317	171	431	364	283	357	101	848	120	422	116	408	505	69	868	1439	432	425	1010	440	1040	209	691	174	657	654	1052	590	247	448	213	96	197	548	244	401	81	67	270	378	445	49	249	818	768	575	175	98	327	636	476	945	761	1028	280	404	179	37	207	356	
222	973	258	283	94	762	110	844	1015	154	331	322	818	0	872	619	256	27	21	117	312	741	
223	324	685	517	1211	320	195	1118	688	543	125	619	631	730	677	1207	214	192	1043	698	379	872	548	50	177	299	134	878	286	
224	704	565	142	97	481	
225	88	651	178	526	11	712	249	404	24	97	
226	149	822	126	747	1006	128	284	410	287	123	293	
227	326	97	287	885	
228	312	310	244	301	314	259	
229	293	950	968	626	182	503	227	738	500	202	581	377	567	283	137	175	237	0	419	692	434	370	141	384	27	514	
230	251	923	126	0	
231	249	268	629	707	196	131	513	63	588	165	172	275	132	581	314	177	214	190	
232	167	207	70	211	142	613	68	195	120	96	214	57	827	292	583	90	46	303	632	527	514	275	
233	39	72	27	90	177	377	147	489	416	96	556	1396	402	303	196	836	645	646	624	446	130	198	615	526	527	1368	116	691	522	627	284	844	964	133	97	392	581	866	640	1197	748	49	191	1038	384	46	173	197	595	215	1099	282	222	464	1458	614	926	175	31	169	1203	182	509	750	205	471	969	180	422	924	131	1074	637	1444	1202	240	744	1459	485	886	841	628	207	174	920	1077	731	491	1010	570	834	415	194	181	156	530	
234	95	174	191	510	99	69	523	1450	169	428	343	64	192	6	212	519	791	317	
235	224	525	186	285	49	613	190	134	865	8	482	594	202	288	695	506	595	126	545	685	1101	169	116	87	
236	1191	82	179	27	473	493	478	177	99	
237	285	545	117	293	1189	
238	95	151	99	189	704	227	513	285	381	1203	488	123	651	752	55	173	920	185	528	473	674	492	7	194	203	311	418	13	420	431	632	
239	287	335	300	894	
240	287	886	306	291	
241	282	274	304	1356	
242	172	513	190	236	736	508	156	245	476	214	115	126	693	128	707	207	
243	248	940	0	66	125	409	68	650	69	121	53	1016	958	771	199	427	236	558	213	454	865	71	50	1053	761	763	1094	366	190	583	392	257	628	720	323	179	147	696	70	207	1117	651	154	293	286	237	1427	
244	1027	209	132	595	
245	49	468	815	577	789	587	401	664	848	249	392	1219	400	1410	173	627	415	214	0	237	195	100	383	734	54	81	10	571	764	287	723	801	2	239	549	229	931	1217	446	
246	63	339	256	749	6	
247	474	256	853	248	234	289	21	175	99	473	197	
248	299	1072	1166	134	741	274	466	402	461	478	168	257	244	222	249	316	99	479	251	406	745	91	124	49	633	128	590	22	843	722	477	122	
249	323	753	70	500	366	339	158	1072	54	95	134	190	270	180	94	195	324	0	91	484	750	293	327	8	
250	23	611	49	479	519	594	417	596	221	256	299	475	147	116	99	
251	6	13	739	289	
252	126	99	116	49	0	202	189	741	965	654	7	167	221	332	21	14	495	317	242	
253	576	495	392	1443	185	81	61	102	1442	587	456	68	418	131	431	124	139	661	388	553	93	385	547	541	268	870	615	20	678	1115	434	
254	558	233	99	828	146	832	184	451	97	4	858	871	331	334	894	929	
255	582	656	933	619	840	404	715	780	318	1041	1207	228	293	78	1470	575	1040	160	8	273	401	186	848	202	683	116	194	863	124	828	76	755	475	778	929	768	35	1108	117	232	173	
256	304	300	530	115	461	58	164	112	56	1021	274	
257	689	285	310	314	
258	1134	1073	293	927	234	38	167	958	179	
259	1104	361	269	881	
260	1236	124	338	293	258	
261	364	1094	726	624	580	708	292	426	152	948	558	130	1146	654	630	814	698	410	43	331	820	268	761	581	139	63	269	180	184	420	922	85	
262	187	891	1443	315	244	204	233	94	661	21	124	257	613	422	142	196	195	332	510	601	209	314	201	259	
263	92	18	366	701	675	516	855	872	515	234	167	788	202	239	636	287	658	122	381	268	524	3	183	474	
264	106	272	327	239	297	470	476	49	283	
265	675	285	267	271	
266	292	140	731	1027	726	497	88	6	545	249	178	64	155	1034	409	173	621	596	32	67	839	574	80	230	63	209	127	823	1400	46	97	483	410	809	1089	578	469	
267	251	122	188	653	767	26	448	1221	478	128	153	140	115	369	301	231	179	551	162	287	59	168	403	120	483	977	41	50	553	23	954	387	70	1109	243	184	390	764	451	143	93	635	71	194	1001	368	49	152	1078	81	259	839	476	234	394	202	422	449	716	578	385	540	1248	373	1476	
268	483	508	1164	842	526	194	152	514	142	51	1019	22	46	1147	1187	1477	253	1153	217	603	830	567	216	267	131	446	424	817	41	644	209	659	477	314	67	1073	774	175	1109	58	463	762	230	413	524	1410	855	356	696	238	461	482	63	135	440	105	411	236	746	251	516	237	121	613	
269	859	777	1147	6	550	738	942	294	739	446	256	530	568	287	221	693	581	735	715	814	726	602	442	378	184	670	278	
270	220	310	282	234	494	285	702	525	706	203	629	529	72	110	492	465	391	528	160	514	49	69	370	195	658	264	516	129	190	476	314	39	126	130	97	197	204	519	609	61	1410	30	410	284	728	167	1265	1027	469	581	623	355	57	450	538	
271	7	473	237	174	1392	11	97	41	68	133	
272	318	302	314	315	
273	199	82	404	684	163	627	180	590	1050	116	87	865	872	923	
274	661	417	229	68	70	430	134	88	449	379	678	49	209	422	187	0	97	161	626	
275	27	159	1220	417	379	930	878	321	793	1082	1015	392	1470	225	684	8	1034	582	374	754	460	24	652	773	75	312	175	758	268	259	398	69	1415	742	914	789	525	870	306	853	549	134	627	801	404	550	880	1207	61	731	562	416	590	553	97	108	408	414	332	976	323	1209	288	222	921	530	1300	67	1482	574	269	229	563	724	626	240	232	94	402	33	1481	430	522	28	270	155	1238	1097	764	1018	322	565	454	1035	1406	188	745	446	26	585	205	958	843	
276	277	285	618	128	220	470	180	507	136	747	
277	301	300	293	312	
278	831	1086	555	1119	448	387	947	215	202	411	1360	69	87	143	508	1290	1120	709	553	194	249	473	100	64	43	131	197	1249	389	1238	1047	945	651	635	128	108	976	575	832	80	471	450	1181	180	226	366	740	823	593	796	720	1069	661	435	374	1204	424	390	406	822	662	1036	49	51	1495	384	185	454	394	570	104	745	290	1239	273	0	1227	99	1031	529	1	287	61	712	206	272	
279	67	37	158	221	95	53	618	749	264	75	152	495	233	317	498	543	768	93	172	415	583	366	738	202	692	72	21	0	156	232	1296	1065	448	1458	754	127	76	166	39	101	507	575	1477	224	216	69	10	763	506	447	689	
280	257	689	331	681	876	
281	324	878	339	332	
282	1486	174	94	90	49	82	237	210	201	708	
283	288	267	681	285	318	327	331	306	300	
284	513	236	221	193	301	150	
285	1374	767	738	817	89	142	344	731	230	173	1501	1285	16	627	639	201	324	170	703	308	422	706	416	1034	765	95	657	194	682	727	71	430	21	635	195	1229	150	371	157	314	702	474	166	353	471	951	279	15	215	172	596	231	271	1117	553	1503	300	
286	10	120	180	155	1066	747	290	248	167	199	234	345	
287	339	229	271	650	11	131	135	189	1038	172	268	215	510	173	514	
288	684	23	124	6	120	
289	925	448	14	98	143	1284	824	422	192	1046	545	180	482	108	179	20	808	471	120	322	163	65	587	138	449	401	175	738	42	650	
290	562	142	580	10	574	550	157	772	235	123	20	178	143	1302	1078	420	782	48	70	375	400	465	171	146	183	426	596	539	468	754	942	122	1212	194	7	11	382	53	572	1089	124	390	1504	1041	54	1209	768	1156	366	152	714	139	244	945	26	14	289	728	554	
291	407	63	327	287	627	168	404	175	8	234	788	19	491	248	172	474	208	1049	606	247	656	498	664	658	
292	664	157	557	418	587	695	677	530	496	257	297	0	70	548	404	803	68	659	355	248	171	296	1	473	641	392	1047	520	549	683	728	615	216	1297	194	526	435	180	411	37	146	181	662	1100	503	81	289	1219	444	450	483	222	1017	460	527	46	923	156	656	249	1228	158	281	226	66	764	284	215	567	955	565	855	316	426	463	1041	110	
293	1027	339	675	244	104	1046	257	342	618	1012	322	6	1198	822	748	245	298	9	270	826	412	830	234	405	333	747	99	1087	285	353	
294	94	411	21	482	737	97	180	1296	739	167	1114	117	726	647	449	49	497	811	1187	418	370	190	24	38	402	108	1132	136	6	82	225	185	1039	228	512	460	81	703	78	
295	426	239	434	241	99	54	507	522	113	250	267	814	922	274	31	88	314	949	280	237	845	844	180	962	256	631	149	10	221	
296	267	689	52	242	6	285	513	24	272	276	97	26	628	214	0	497	127	31	470	514	200	249	221	194	30	337	56	182	1006	227	325	229	175	473	113	72	418	69	
297	199	198	214	503	274	1141	236	434	741	506	196	497	650	78	180	212	472	418	22	193	950	98	273	204	429	
298	508	170	516	576	810	545	970	479	19	97	646	654	651	731	386	513	274	528	208	236	691	366	9	196	302	203	27	958	507	701	189	953	514	1506	211	310	25	888	301	243	173	914	1299	88	270	240	269	51	484	22	85	1222	0	49	288	332	
299	947	287	408	455	
300	322	66	720	1134	72	1	49	200	789	392	1111	469	156	80	108	38	218	473	40	175	98	193	442	870	32	464	158	257	232	581	203	1090	379	408	332	796	226	27	172	1015	201	587	461	567	126	249	404	280	553	154	317	182	565	526	657	
301	244	257	747	265	
302	1410	844	173	595	121	425	699	276	220	1	432	800	1006	653	719	678	126	71	21	808	1223	387	517	778	249	136	1508	201	91	384	1214	830	263	181	460	772	172	269	472	230	389	66	283	754	155	866	978	1043	190	870	412	1010	95	167	222	46	454	654	37	221	551	281	403	1336	686	762	743	539	324	400	1109	415	871	116	138	301	160	290	677	1088	120	1225	367	42	779	992	97	474	568	804	68	159	93	1047	872	1285	
303	277	273	342	312	322	
304	304	946	510	155	172	707	805	164	75	10	198	1014	195	51	1410	169	792	12	637	189	63	920	384	581	326	432	1103	422	479	183	180	284	248	855	962	529	177	609	485	179	211	80	222	173	
305	13	286	320	241	743	99	
306	196	1064	407	418	168	82	707	120	508	471	379	21	238	49	630	144	948	61	1139	55	514	264	
307	581	640	462	247	16	740	312	177	48	179	213	480	143	746	212	173	81	317	1064	170	1210	191	106	513	364	217	821	639	636	510	65	381	683	512	431	140	609	153	841	631	424	442	476	204	126	20	823	530	602	527	485	613	1139	132	1403	355	714	175	1410	777	801	6	178	229	519	53	606	192	274	130	370	524	151	236	608	207	11	210	944	
308	323	689	988	257	
309	115	221	49	535	
310	14	510	386	753	178	722	191	964	613	470	71	398	131	229	328	321	135	414	1115	518	443	419	704	116	943	941	75	356	629	366	180	82	130	754	1220	1221	1041	495	447	370	641	415	525	1118	140	403	575	468	76	793	275	591	176	660	654	467	784	11	
311	3	536	600	175	587	583	846	607	658	151	514	0	176	485	194	944	556	492	182	655	429	509	498	482	495	519	268	611	165	184	1020	1125	497	203	133	494	227	632	515	240	1171	653	1191	528	
312	57	133	217	486	141	321	510	513	623	130	819	435	672	330	498	87	14	524	131	76	968	163	777	518	479	236	257	495	185	654	152	202	844	1049	719	602	504	416	564	229	628	1090	166	836	174	418	384	317	146	447	134	472	
313	281	763	755	539	1073	1217	23	401	282	807	1164	1220	256	1502	40	116	681	1011	923	1266	6	1135	77	720	376	771	52	1252	1015	66	933	945	937	203	65	104	800	845	594	245	789	63	1296	11	793	1472	327	590	154	
314	602	301	641	1064	7	512	177	300	136	672	54	653	155	97	222	740	268	
315	186	212	587	322	922	171	288	63	481	233	189	1083	632	581	715	
316	244	327	330	270	
317	193	11	156	195	721	696	268	814	304	1049	166	187	62	314	13	356	104	707	1119	868	157	473	76	284	418	247	137	609	1043	395	210	55	256	475	
318	688	305	878	306	
319	249	290	55	691	183	128	147	750	91	96	759	975	158	50	21	469	172	98	430	32	571	587	122	10	26	451	1	432	500	1209	
320	526	275	1027	7	510	59	1049	614	181	130	13	509	522	185	60	99	708	134	215	1330	55	31	495	613	735	
321	301	527	196	257	506	607	155	655	8	193	
322	875	126	326	10	185	288	244	712	209	771	242	171	78	179	1047	1011	149	
323	8	871	320	297	748	826	327	126	149	49	292	410	1093	
324	505	209	510	522	199	402	133	49	1522	324	344	57	501	474	81	99	473	429	503	189	31	1231	239	547	46	174	1002	494	
325	226	662	500	143	196	21	66	43	140	527	160	171	32	71	943	480	564	615	384	418	440	518	450	402	180	426	194	89	473	669	492	510	587	522	567	131	673	
326	424	23	677	1069	172	417	685	1066	185	513	317	874	1128	643	160	88	268	320	98	557	229	202	587	1169	791	130	420	41	633	300	432	627	395	675	257	6	332	671	197	128	873	477	1016	961	650	238	233	312	681	71	232	475	107	264	22	708	
327	497	590	654	369	300	627	222	280	53	116	126	450	81	1111	915	148	45	283	848	683	379	588	469	878	332	426	272	281	326	902	214	72	430	1482	131	163	401	678	750	664	134	221	567	193	809	577	99	660	78	257	684	180	517	502	520	88	
328	891	80	302	97	168	244	49	337	299	294	126	7	656	
329	1043	79	392	76	251	472	431	37	184	992	125	43	442	595	583	69	256	574	134	292	68	844	70	57	285	495	176	10	173	
330	734	30	301	31	1100	413	214	304	1295	267	303	810	505	957	
331	116	410	450	683	236	1046	471	21	11	228	832	409	181	974	263	745	105	275	545	366	727	292	894	40	627	596	37	180	1149	53	404	561	1027	217	244	121	
332	872	893	185	173	126	
333	60	449	520	223	303	590	292	196	80	960	217	209	427	305	1013	22	68	528	184	339	114	876	557	300	442	602	85	142	19	855	475	78	306	898	18	284	141	199	1171	152	1131	58	9	448	134	160	285	11	482	304	426	674	10	337	656	606	619	286	181	288	1262	715	480	257	57	268	
334	677	259	299	346	
335	256	1182	152	1010	998	93	590	167	654	0	1046	863	858	32	3	14	367	283	1040	12	721	107	398	110	121	1117	
336	229	470	379	49	124	226	
337	167	51	603	513	215	442	606	309	168	496	193	212	602	482	133	
338	718	521	174	301	169	10	1266	193	524	855	129	654	54	479	179	207	1247	346	402	181	478	178	588	81	150	225	960	96	639	68	446	1029	138	64	211	468	435	28	4	24	180	142	1525	656	771	513	78	1300	495	257	
339	142	1132	173	65	172	264	587	501	
340	947	894	681	1279	
341	722	10	293	590	407	656	143	323	411	662	261	927	237	318	195	409	192	107	513	506	1159	498	239	949	1069	1093	845	281	94	297	1367	761	273	319	762	1127	207	56	1527	131	
342	979	630	613	210	158	8	0	702	55	116	357	822	428	470	777	154	384	918	68	11	25	9	545	190	477	1210	115	149	582	257	520	386	662	654	465	785	89	323	12	264	960	920	568	535	332	227	179	
343	971	268	86	99	243	1047	755	461	245	274	24	763	180	11	209	87	1141	287	88	150	312	283	627	895	1019	221	94	124	85	121	558	420	275	250	462	458	117	174	
344	442	209	50	364	845	517	386	149	284	70	714	10	402	55	222	380	142	654	85	57	150	237	47	484	43	549	569	324	1008	461	534	1015	80	299	312	780	169	619	450	281	279	587	316	533	415	310	
345	966	215	240	99	172	90	88	290	195	212	225	517	368	779	615	639	1216	275	174	958	93	1010	272	75	707	747	146	143	692	131	171	202	950	571	96	570	28	430	
346	431	86	471	500	454	567	826	78	191	355	549	289	684	55	323	426	688	292	245	958	695	830	734	543	322	76	150	202	747	147	741	976	385	587	415	410	104	244	215	
347	826	290	471	1119	110	472	987	0	99	1027	405	
348	119	695	125	24	543	287	984	822	
349	131	178	203	426	171	285	482	49	428	192	
350	288	872	331	878	342	303	309	747	
351	38	745	55	99	652	656	691	128	
352	257	270	345	897	285	
353	637	413	168	432	207	381	660	493	310	165	422	431	479	1196	78	1240	527	1136	135	19	198	881	497	752	9	208	935	274	928	151	195	418	704	343	57	307	210	961	92	862	693	659	115	663	99	97	
354	299	688	309	263	681	
355	299	346	285	330	
356	927	830	741	507	931	470	6	321	475	406	455	747	117	454	325	
357	267	1005	1523	1158	1528	642	178	113	
358	267	454	272	322	407	
359	268	44	1038	236	308	156	333	282	99	844	932	173	1133	954	743	171	519	301	303	514	
360	526	164	274	691	726	651	236	120	96	149	128	442	434	516	1118	741	738	147	693	512	497	49	656	793	
361	263	293	682	747	878	
362	49	67	194	199	221	211	147	113	801	536	571	656	272	615	249	709	624	185	808	369	1018	57	142	1055	1156	27	830	216	61	346	596	448	152	300	1100	264	24	228	570	587	495	422	404	101	350	94	1511	256	316	568	269	181	16	664	37	858	324	430	630	734	46	589	
363	324	686	947	874	
364	1136	1016	14	812	907	740	284	894	275	267	6	
365	853	217	200	671	216	55	
366	440	451	918	4	325	759	405	560	267	257	875	
367	558	446	378	95	6	843	144	287	218	
368	267	334	918	270	
369	510	513	522	432	49	834	479	41	649	677	113	134	221	192	524	
370	49	654	193	30	626	356	0	662	54	448	
371	447	97	560	147	263	558	634	1211	78	22	332	871	673	
372	1038	1065	274	708	193	366	172	237	63	738	230	527	945	464	650	264	576	855	3	714	842	183	207	388	416	130	624	731	678	99	177	224	194	154	1529	109	432	558	484	450	706	317	549	225	213	647	
373	843	227	449	264	87	557	8	196	322	273	653	422	1133	734	3	405	317	828	1041	22	1010	716	203	731	23	823	202	247	96	88	49	817	650	384	230	1027	1205	755	362	818	769	456	985	110	462	1193	99	281	448	539	929	234	150	1512	
374	582	1045	175	43	769	
375	99	356	320	10	814	110	
376	312	233	747	357	99	172	
377	52	976	364	355	446	691	247	978	941	791	478	950	199	958	392	402	923	212	526	264	587	1133	27	400	193	158	1231	553	432	283	125	95	960	495	440	236	707	938	110	50	70	795	619	470	143	1134	622	571	779	42	634	1052	287	706	171	48	1043	731	28	659	662	322	41	805	316	190	12	1219	380	282	55	955	49	156	1229	
378	174	344	473	704	446	658	218	203	140	708	523	316	558	53	187	841	269	433	400	175	201	460	95	356	143	193	250	167	270	194	209	706	1	404	123	1218	299	0	394	
379	448	505	501	181	0	628	629	1112	1044	844	37	750	479	1448	60	560	339	212	442	495	178	381	210	97	731	227	1443	180	314	131	698	299	
380	704	1531	458	777	119	88	267	48	418	211	630	190	442	461	282	1059	302	93	12	96	15	854	692	195	280	
381	755	121	333	480	507	22	58	530	510	1267	
382	735	57	134	165	133	222	487	284	602	18	179	212	187	312	
383	315	342	312	288	
384	121	248	854	447	864	1461	402	128	383	234	944	203	692	29	505	532	1130	1534	356	603	215	506	233	939	1120	628	194	507	97	738	1006	964	503	180	1366	182	1070	208	615	473	304	1065	191	1448	289	198	151	895	602	718	206	196	521	958	674	377	
385	126	116	221	454	
386	126	640	68	179	276	182	230	249	91	696	178	198	447	767	11	88	216	745	671	100	0	132	413	95	174	150	519	577	1013	557	183	384	469	152	510	1006	115	57	195	515	229	26	495	1017	971	218	201	548	167	952	272	106	560	221	398	582	805	92	297	618	
387	312	183	99	309	768	236	894	689	681	110	
388	502	731	173	382	519	63	98	14	699	415	87	1285	606	64	1006	617	517	172	762	834	491	846	93	1297	549	434	1517	285	419	422	552	181	57	216	3	301	520	175	945	282	755	55	150	518	185	525	500	1196	239	46	154	495	482	481	
389	988	328	844	474	741	180	
390	647	962	233	237	478	321	510	236	30	1100	263	714	509	479	503	68	317	179	457	747	771	287	14	651	
391	128	481	293	537	309	10	1006	249	318	180	343	1141	494	254	812	346	874	257	49	188	322	649	
392	337	1467	559	825	940	704	124	141	1445	205	538	760	1013	1257	726	651	94	551	258	171	57	144	21	209	1434	70	27	789	863	549	754	89	430	574	629	309	1336	1530	786	1027	80	998	104	77	709	30	948	482	202	455	373	865	37	878	401	346	471	256	272	1214	254	996	891	807	147	86	448	297	20	121	270	791	684	160	251	409	1248	1218	76	925	35	203	450	1227	624	11	131	1015	921	
393	209	678	171	226	215	978	37	232	392	229	72	207	577	432	140	194	410	61	6	203	664	78	540	539	95	160	495	96	216	
394	180	150	0	120	337	215	126	342	631	287	214	
395	270	281	545	1024	840	332	259	1027	870	404	
396	610	209	288	479	301	990	503	312	181	750	1018	747	687	497	877	6	49	852	64	317	
397	496	500	95	736	125	68	57	229	519	495	501	203	356	132	177	70	520	234	94	27	161	588	475	273	490	968	513	84	660	522	524	282	124	158	
398	759	541	1206	435	1177	544	381	98	226	147	25	510	453	431	412	93	306	403	615	371	89	355	805	120	230	505	187	81	918	927	683	10	464	709	233	63	485	172	70	150	224	142	14	1218	449	116	560	83	824	793	958	365	27	545	67	117	234	174	78	659	586	65	173	
399	285	322	258	257	
400	142	1015	110	477	293	161	63	677	384	247	126	609	662	215	152	492	236	587	202	355	683	483	224	476	171	747	285	279	82	706	
401	94	272	95	150	590	470	254	134	136	763	125	233	116	
402	105	281	471	924	844	476	283	747	117	1198	
403	738	332	285	677	312	878	688	900	
404	756	199	1572	87	963	1044	439	644	666	638	1576	67	1158	421	203	1550	469	34	43	1089	640	1249	175	68	938	1436	1560	622	1221	431	440	745	1575	1555	49	225	771	360	714	397	237	540	1003	373	1296	372	1064	1579	783	364	809	941	432	30	1165	551	514	449	1444	22	998	447	62	381	1414	1035	667	512	391	696	542	527	355	806	781	683	1192	674	240	1004	375	50	508	41	1358	579	1267	264	520	793	40	1031	1259	38	350	649	142	955	387	45	574	1034	210	126	229	1591	517	1179	970	1534	418	1146	139	656	1108	732	46	1069	383	56	1187	922	64	1117	1390	563	63	89	1568	782	511	957	544	28	461	1564	181	205	1552	541	1206	968	721	587	1588	746	1421	
405	134	403	12	41	371	198	959	153	201	661	184	734	147	514	651	205	143	85	692	510	132	169	446	490	1146	435	175	29	216	560	663	822	970	214	711	477	239	173	639	640	564	526	644	525	133	71	316	172	171	238	130	654	114	24	673	961	152	72	2	603	480	944	135	22	63	516	501	557	
406	173	968	568	1187	447	475	182	1229	120	707	1159	520	495	231	264	647	290	843	90	143	227	0	858	68	655	55	784	312	172	482	268	209	356	199	628	84	94	507	448	442	156	152	71	1040	183	
407	682	293	333	1295	318	
408	1019	134	186	513	172	222	474	320	675	488	606	477	11	1511	288	155	480	878	1294	196	510	427	631	853	704	434	324	274	299	1096	994	82	944	492	1064	27	1378	485	199	732	
409	314	310	315	302	268	
410	257	3	769	450	602	167	55	264	226	180	317	
411	683	0	116	968	426	172	938	173	113	192	
412	627	236	326	146	514	14	935	470	689	254	
413	300	293	885	677	10	
414	479	478	173	194	
415	760	84	897	16	154	657	923	183	277	723	1053	139	1073	253	1299	306	13	584	254	48	149	930	126	1151	654	806	417	495	87	497	432	42	471	356	451	392	789	575	41	842	623	762	474	450	632	337	37	707	1263	104	411	196	157	3	1138	626	936	177	658	82	178	318	50	99	210	6	131	1	263	868	531	10	684	294	97	69	250	302	53	224	301	199	402	418	79	928	256	52	476	282	1050	274	66	346	40	403	419	410	
416	398	992	12	183	61	561	363	664	190	1246	233	410	383	64	1134	23	387	189	999	14	364	301	1085	231	709	185	245	673	482	1094	221	870	133	134	635	38	4	247	678	587	1010	72	263	550	161	146	1209	613	578	684	15	830	641	227	544	662	500	96	293	595	39	727	292	167	412	945	11	1056	770	181	432	745	773	
417	332	314	326	287	
418	88	133	268	1450	603	614	
419	474	284	318	126	300	602	483	
420	207	508	6	516	86	95	218	184	465	196	602	3	
421	275	126	125	217	332	325	287	670	566	1006	298	378	4	858	92	409	326	918	183	
422	124	321	268	354	325	627	346	271	126	1264	299	470	
423	434	257	1083	426	274	242	739	287	
424	447	200	397	6	1313	264	747	226	975	442	333	160	180	669	209	840	240	852	514	52	217	249	1594	473	309	878	155	97	539	206	69	293	126	175	589	528	292	117	339	268	
425	656	835	99	600	509	490	177	196	632	483	491	181	207	504	22	331	602	609	133	131	
426	989	681	262	873	680	291	
427	333	300	306	1312	258	287	753	321	302	309	346	
428	1111	149	1019	497	558	184	318	67	509	650	1016	463	606	499	135	545	1032	226	465	1284	471	582	510	653	403	577	685	179	287	84	7	218	844	507	536	1117	501	938	662	788	55	217	654	825	94	1017	209	27	183	960	767	481	210	927	1135	1011	207	231	1108	434	142	281	91	117	54	1223	92	503	414	846	113	182	65	580	89	381	120	44	279	626	602	96	
429	272	233	126	41	136	526	220	147	546	655	1239	55	6	
430	987	285	689	293	
431	273	248	741	180	107	99	293	404	6	287	49	843	
432	11	285	689	324	321	1597	136	275	
433	973	470	1196	368	150	219	814	476	
434	256	929	78	116	135	225	1015	566	751	976	678	224	1239	1038	570	251	553	10	20	185	716	779	140	79	108	721	187	337	405	138	53	62	440	719	817	431	85	198	393	80	7	561	430	21	1060	927	51	464	264	583	443	298	66	780	259	175	160	379	49	602	683	166	657	568	248	216	587	159	72	720	731	945	375	82	1150	
435	927	171	324	72	820	761	25	745	985	1488	786	46	1057	49	199	143	42	1205	275	467	1060	545	784	844	94	410	502	1226	218	
436	1160	11	195	178	96	475	194	1598	225	4	477	450	641	218	401	841	70	88	696	51	98	236	495	182	155	419	172	190	233	673	1266	238	252	317	131	247	97	82	14	1152	583	682	1120	653	500	154	78	745	729	117	380	446	
437	475	280	470	279	244	219	
438	1327	146	894	267	275	236	
439	360	309	257	212	170	303	514	312	244	1104	
440	24	258	404	116	
441	571	55	153	183	43	737	202	171	217	53	160	226	1	167	409	16	684	577	233	203	384	25	1187	187	568	809	97	239	
442	259	174	686	339	
443	257	271	285	750	
444	55	918	880	741	326	1050	479	329	503	839	1186	208	894	1276	817	1009	256	432	885	822	627	203	409	1590	247	234	301	
445	886	298	285	320	301	267	687	
446	747	283	761	409	147	78	174	200	482	8	769	157	173	844	980	545	6	97	1047	468	208	21	277	865	64	49	677	
447	895	302	326	300	285	267	873	
448	223	1366	14	1317	1193	1010	117	119	243	1371	545	116	281	1403	701	
449	522	476	185	72	670	421	1310	877	526	499	456	502	464	271	1260	10	1035	450	167	86	213	641	79	1060	414	1052	312	738	383	392	259	846	356	95	101	494	605	1248	791	646	750	747	748	581	97	653	1196	517	794	55	548	513	492	500	1424	660	124	14	380	872	234	629	764	382	506	1479	192	43	113	417	263	298	482	800	154	688	610	501	442	59	210	935	139	1219	467	904	590	132	901	165	152	291	395	34	774	231	529	346	21	565	1191	12	692	196	454	81	162	131	
450	288	267	359	335	988	880	328	265	947	258	886	1037	877	1279	307	322	305	989	330	
451	133	76	123	95	494	455	26	461	1426	7	647	460	606	198	93	608	61	512	505	653	170	855	431	65	1402	233	516	244	529	289	293	417	99	155	209	662	151	13	97	873	180	
452	415	55	384	97	870	1078	1016	157	749	11	762	574	940	116	247	23	142	409	565	58	1036	195	974	203	402	267	167	10	185	32	24	
453	355	10	503	510	221	247	491	27	481	723	194	68	78	227	81	123	236	483	11	606	692	739	161	1189	254	747	426	648	403	971	602	656	315	180	322	70	196	192	422	257	117	497	613	76	685	938	653	
454	57	1173	285	122	212	120	545	312	203	249	530	21	897	14	94	933	160	254	124	41	371	723	49	514	146	306	1264	287	11	251	646	583	13	938	134	97	180	
455	267	79	615	60	257	978	1008	402	420	12	8	213	422	580	1019	285	1100	1327	120	1217	984	49	1106	91	695	579	41	720	160	954	738	217	203	1007	99	918	324	90	227	190	762	368	1197	
456	175	707	26	221	384	242	43	256	746	207	365	239	678	171	224	933	233	95	19	78	955	449	37	57	565	583	240	370	558	1220	416	51	209	1036	958	150	196	225	173	69	1167	193	1011	134	545	411	132	840	49	385	11	119	782	719	716	
457	24	244	474	472	743	123	99	407	650	281	337	177	191	525	530	198	791	282	426	979	151	513	189	128	460	466	432	63	47	684	49	386	120	735	345	168	
458	116	322	49	6	567	677	522	7	595	1039	193	107	285	357	845	293	97	104	78	146	249	273	618	
459	320	256	1136	249	220	301	282	272	292	321	457	305	148	
460	346	304	318	301	
461	180	654	21	314	10	291	
462	1016	23	300	750	935	245	474	236	471	243	128	0	1382	1011	595	124	1283	739	1604	886	116	1008	309	1163	126	1162	
463	259	287	327	602	1225	180	299	332	175	481	
464	495	190	142	528	198	179	173	602	614	55	153	835	215	834	197	11	
465	127	384	567	88	333	1	268	1175	91	681	272	305	1606	259	312	95	356	175	180	908	
466	92	248	326	149	741	257	263	23	
467	81	215	741	7	158	1069	156	468	723	55	172	46	70	8	159	376	1050	190	11	96	142	528	123	431	356	583	149	94	
468	126	489	922	483	609	473	135	512	
469	543	256	545	823	873	0	293	234	220	276	124	
470	93	150	877	968	500	767	
471	365	830	454	62	759	688	239	484	194	476	824	404	471	131	230	26	2	580	448	369	67	500	20	1	383	624	77	394	203	757	180	124	214	65	1138	0	354	545	201	185	976	374	225	1094	182	684	108	122	939	714	174	173	
472	274	546	6	275	128	24	1142	
473	565	199	14	25	650	791	381	514	605	203	590	426	131	384	51	490	494	210	684	629	923	473	198	656	602	78	517	207	835	420	125	604	614	206	467	649	662	524	504	204	677	660	3	1220	581	135	505	691	413	970	519	509	284	507	486	355	175	167	214	480	317	520	652	58	290	
474	312	268	258	126	
475	711	1179	434	780	791	392	939	72	745	167	366	299	3	209	654	1187	
476	545	793	777	721	48	293	1040	
477	254	31	99	391	707	39	865	517	683	1047	71	22	11	160	287	339	218	16	215	195	275	567	
478	601	495	755	117	474	270	221	199	204	212	1006	94	384	247	49	126	200	197	422	402	323	78	608	69	324	508	454	249	334	201	120	1015	23	171	70	263	95	163	134	839	
479	202	97	212	442	602	182	190	11	208	614	256	207	
480	662	99	65	197	7	434	499	579	3	49	85	
481	681	875	288	248	312	
482	312	472	0	581	236	227	379	317	675	150	194	
483	28	68	553	317	69	236	822	929	226	95	264	257	6	745	587	391	14	70	234	110	185	698	923	23	87	233	180	
484	345	537	329	320	888	
485	830	761	1128	1085	0	126	19	474	873	24	1133	514	332	475	545	327	335	105	1404	1513	407	507	284	219	281	256	882	241	49	302	627	1368	286	318	107	221	136	
486	275	731	1034	16	76	425	746	196	778	954	965	205	418	52	391	78	127	619	392	1313	264	577	226	651	228	94	257	120	177	782	248	160	155	844	430	539	688	221	366	272	1424	290	802	403	159	124	
487	97	731	322	179	171	658	258	525	745	244	723	317	661	177	706	520	509	27	1038	182	195	753	167	508	257	467	209	473	110	479	
488	880	889	677	894	312	324	897	359	748	1279	346	262	314	872	358	260	886	315	323	300	354	
489	951	221	245	986	257	8	0	301	740	472	918	
490	272	13	6	899	22	99	
491	478	922	171	473	130	510	481	44	82	491	698	
492	404	169	924	317	133	878	249	68	251	194	745	99	233	207	94	409	181	677	403	482	24	248	70	762	6	190	832	
493	180	426	8	236	142	120	49	63	237	
494	1115	641	683	446	210	167	215	581	580	213	180	152	153	184	183	420	415	201	1181	1156	63	402	53	796	87	432	97	767	497	95	1468	150	76	632	185	1118	356	384	558	138	160	181	
495	698	216	189	134	415	195	1062	720	180	525	660	190	483	155	824	171	52	21	63	417	495	221	531	194	553	
496	216	18	401	393	558	127	1209	621	381	185	1406	27	415	1015	357	176	184	1184	464	715	76	454	417	66	551	187	525	199	79	863	656	117	272	38	207	227	138	81	738	221	925	431	644	100	1045	548	126	1041	181	28	651	721	450	32	152	
497	250	753	593	805	1141	88	180	257	134	463	76	547	120	171	209	513	448	31	167	201	1006	60	178	424	516	339	292	135	692	
498	741	173	201	99	1482	135	356	172	482	529	96	524	299	68	483	126	897	142	523	250	
499	312	0	294	201	726	318	1068	406	385	1310	195	8	237	222	528	463	327	30	158	1017	638	82	382	1615	380	661	257	531	110	209	545	1440	1009	739	1165	401	7	713	133	468	203	929	774	275	835	
500	951	368	273	410	124	244	128	110	248	1010	474	323	740	272	
501	538	269	878	242	680	312	258	
502	97	296	49	131	184	209	462	152	181	53	415	87	120	683	11	212	318	513	614	44	274	661	171	186	285	203	12	82	713	136	124	483	
503	806	166	478	675	321	1436	536	153	138	516	120	64	677	1420	505	385	504	69	281	1117	730	116	186	413	184	440	1132	239	1040	280	415	306	65	105	772	453	8	547	161	418	154	650	384	741	1443	93	76	960	215	290	
504	236	139	153	299	10	1408	497	552	209	987	53	495	264	613	190	171	377	226	704	590	650	490	
505	270	202	45	194	379	1072	1013	528	209	27	257	28	195	446	431	207	653	384	524	565	645	429	398	1218	581	709	879	1062	182	67	1019	454	496	322	442	971	464	197	61	433	175	198	656	4	640	186	9	771	
506	249	689	315	1088	301	287	1015	826	299	1033	342	
507	1066	214	734	180	184	203	215	22	178	628	97	87	231	237	221	527	208	
508	300	750	306	331	689	309	
509	287	332	680	677	322	298	
510	894	677	879	345	
511	1458	190	197	10	
512	251	256	471	264	
513	68	108	586	69	432	264	155	238	143	300	0	80	1599	509	24	152	731	293	734	215	728	21	174	149	646	72	27	214	209	113	709	317	131	404	335	647	271	156	
514	314	327	749	904	301	322	1398	331	
515	430	198	190	514	
516	283	327	49	293	104	822	739	
517	470	9	24	1016	545	918	124	846	99	288	712	236	290	8	
518	681	335	347	1237	327	312	298	750	679	
519	897	989	293	24	
520	71	248	567	745	194	175	155	264	596	116	391	270	21	654	185	95	323	257	182	6	190	24	143	272	107	1021	16	226	88	221	
521	133	127	47	179	522	207	
522	508	476	55	212	168	1040	1008	407	201	513	152	637	475	167	154	726	7	1046	862	574	
523	131	491	492	392	404	1040	692	409	78	524	130	183	525	567	1203	212	238	99	977	611	132	229	577	95	639	284	1045	954	1123	503	714	125	835	55	549	428	80	518	795	160	174	865	274	75	1064	179	548	178	21	648	180	317	519	59	184	1043	65	237	1183	1092	706	
524	1013	126	331	595	828	292	122	280	275	321	
525	330	312	257	675	249	292	677	1083	753	120	301	259	322	
526	639	175	206	961	180	171	174	630	633	213	90	512	614	498	282	461	424	854	474	196	128	656	18	278	191	13	186	
527	677	525	540	76	409	180	483	172	656	392	
528	342	681	324	688	330	291	293	689	
529	213	190	486	327	1135	482	177	219	173	
530	747	897	288	687	312	456	
531	494	1406	830	185	864	981	681	1239	398	897	190	229	1225	491	283	544	471	484	11	233	675	116	618	1482	300	878	117	841	0	71	1188	99	691	1167	150	6	204	514	585	1311	945	51	795	1299	228	337	450	558	426	419	832	234	548	1414	
532	195	935	294	404	63	24	1032	746	69	241	20	461	520	220	192	229	21	503	1172	8	513	273	410	99	71	822	106	12	81	147	918	553	37	590	203	1000	191	379	933	282	217	52	134	683	175	96	7	180	181	293	176	1027	
533	1053	285	1058	762	594	92	275	0	293	925	281	627	545	24	454	369	
534	165	777	661	788	497	526	734	192	426	698	428	152	55	274	211	470	171	1038	1165	503	82	1148	85	835	380	177	96	505	691	701	638	487	10	603	685	143	557	202	161	49	495	189	86	
535	30	97	581	229	541	712	1117	140	565	188	179	442	203	182	861	639	62	198	422	171	86	595	212	567	385	1	208	407	134	120	27	569	
536	326	52	1047	738	351	712	651	432	298	469	1009	1334	641	518	498	645	269	86	958	202	336	496	3	229	605	743	458	444	24	235	25	542	731	677	183	513	89	148	208	38	781	462	356	1004	484	146	268	714	1399	287	508	19	854	987	291	957	386	75	643	1072	836	473	483	646	45	769	696	96	1244	416	688	963	495	442	717	179	0	1196	565	1100	317	205	749	60	729	771	748	370	214	212	82	264	81	240	5	424	546	225	
537	641	41	30	384	207	96	161	120	215	163	27	78	955	11	654	201	
538	152	132	660	18	184	130	602	49	44	339	162	
539	590	1013	110	256	273	124	741	180	596	125	824	761	
540	992	1046	422	253	419	224	167	203	653	62	256	392	417	238	451	1034	811	755	1035	416	431	110	1090	476	27	552	
541	417	248	507	178	720	474	21	733	195	71	743	180	478	239	317	14	647	366	70	57	287	400	626	584	292	762	345	
542	159	479	422	1098	68	236	473	734	714	52	581	731	323	97	133	206	590	59	409	719	271	28	567	110	641	186	659	167	384	203	85	760	168	708	585	94	134	84	1072	
543	324	748	337	285	303	299	
544	728	446	678	21	471	683	256	93	27	731	550	182	738	0	120	490	193	392	1187	180	95	81	175	443	403	231	173	418	626	253	176	412	
545	757	163	412	16	55	681	270	144	750	435	891	
546	339	346	750	312	
547	291	275	281	54	357	254	465	293	524	321	1404	881	182	272	344	55	682	949	1050	716	545	750	263	761	897	695	274	116	304	234	228	
548	224	747	1046	865	619	
549	923	221	537	180	236	681	270	322	
550	199	210	1043	1252	726	78	182	354	23	30	401	232	848	759	201	695	95	586	12	259	117	639	615	560	430	718	1050	158	143	350	716	1303	738	228	10	571	226	1027	384	279	567	1219	186	218	691	543	181	958	216	404	745	457	342	287	301	6	731	83	309	134	146	1066	692	27	69	183	
551	741	281	13	716	590	224	987	404	125	283	247	828	814	257	454	110	
552	135	513	640	196	85	130	80	177	181	99	523	512	479	433	426	152	434	481	1020	212	
553	150	844	273	410	94	863	180	173	178	124	66	81	581	716	431	203	49	27	264	731	530	3	
554	128	167	404	194	273	120	116	146	300	248	
555	326	208	63	169	267	131	324	318	
556	165	252	874	324	251	95	179	245	507	333	
557	18	252	8	507	
558	21	659	392	549	209	299	523	196	434	186	1140	397	69	527	187	
559	6	269	410	1020	11	422	1133	477	120	1018	514	652	863	133	150	274	210	107	318	202	
560	700	848	316	239	221	178	173	732	214	558	134	664	217	654	99	143	285	24	86	1477	510	370	344	708	596	567	442	432	21	30	66	651	187	958	210	45	616	3	284	511	660	613	162	39	779	525	1130	469	96	472	92	577	317	672	27	87	1138	422	61	429	115	197	630	745	495	493	159	48	182	468	1102	
561	117	184	87	510	97	193	160	392	180	322	457	147	317	3	
562	49	303	166	320	253	870	
563	749	117	271	297	471	256	
564	514	1395	169	206	508	651	212	
565	97	96	93	227	171	630	288	126	391	116	203	152	762	22	741	1064	82	7	482	1436	684	672	190	99	195	1004	484	272	574	
566	428	473	477	483	468	132	151	611	180	503	8	251	59	186	233	175	95	292	247	493	99	296	220	1130	187	126	108	674	506	649	181	
567	177	637	161	1285	522	133	658	614	477	473	487	490	610	511	1124	834	
568	294	282	221	684	978	1283	125	327	1013	120	545	299	293	273	
569	325	288	302	300	
570	113	483	656	193	
571	318	299	1009	276	
572	631	712	527	346	426	422	175	204	522	660	
573	343	330	241	212	689	288	753	271	331	
574	172	356	49	175	181	
575	180	274	762	236	136	256	203	
576	995	55	67	190	664	807	931	117	171	57	217	180	581	76	364	1290	7	48	401	131	81	549	471	0	209	239	297	172	97	139	1034	240	402	379	337	355	185	
577	1015	750	677	257	
578	99	330	381	844	747	581	513	407	233	602	708	257	49	1046	
579	281	357	828	747	249	2	288	545	347	
580	8	812	843	1352	514	
581	268	117	675	287	762	24	472	825	0	830	6	747	
582	662	601	199	529	512	
583	257	540	113	229	
584	115	206	1487	44	729	461	19	69	164	1448	1192	169	637	1148	1523	312	
585	237	1045	253	154	21	71	840	230	152	172	272	221	226	675	1046	650	95	79	392	225	558	76	81	55	565	180	283	799	239	451	1406	143	256	
586	261	349	677	886	904	1264	915	301	690	687	299	338	257	332	258	885	872	307	894	
587	172	587	203	61	282	845	1073	183	1410	577	325	1090	761	11	933	1043	596	777	403	427	288	353	24	271	1052	14	940	723	495	7	712	1468	394	383	467	683	150	1097	285	1218	293	727	401	746	541	
588	332	258	323	299	287	677	689	333	
589	1013	110	8	125	475	1008	590	474	281	
590	1098	181	167	711	579	366	321	434	614	12	381	922	516	46	47	865	
591	962	734	327	543	178	824	329	517	275	407	271	751	280	293	750	968	260	430	88	286	462	86	432	182	465	173	305	1355	304	812	1225	343	460	521	21	245	248	970	117	459	177	258	139	762	148	193	1513	195	220	263	1376	124	1280	1096	194	1013	1183	1047	133	567	167	337	115	1078	618	298	474	1046	116	897	172	147	
592	469	171	96	317	761	130	948	99	743	287	163	734	356	654	450	139	596	65	283	142	57	722	284	384	237	124	156	210	477	110	68	
593	519	236	482	268	356	
594	545	474	1046	234	879	1027	345	927	281	239	290	1311	985	323	274	14	108	288	814	
595	221	275	312	285	
596	741	294	1533	23	110	126	282	687	
597	312	894	690	21	299	
598	470	244	1277	1151	887	1094	947	872	283	
599	719	510	540	88	575	21	10	553	565	529	182	539	514	509	228	946	525	
600	622	98	64	507	430	177	14	178	670	7	739	590	474	106	863	1027	587	185	126	289	99	841	1614	203	404	233	229	171	762	
601	120	242	677	49	180	
602	179	226	270	61	173	1239	171	20	384	
603	442	233	287	200	99	
604	179	618	259	826	131	525	274	830	677	545	293	482	948	237	1039	69	68	142	
605	530	950	131	747	500	124	1046	62	205	476	567	11	403	325	70	160	27	627	254	431	214	10	422	409	280	179	332	1109	708	67	54	153	150	590	47	287	427	213	292	190	99	683	2	184	116	384	716	
606	497	527	173	381	474	473	528	
607	181	287	316	125	482	64	332	3	735	212	10	293	1182	167	442	194	752	728	206	1152	97	417	299	885	184	426	1280	132	460	489	508	326	
608	258	900	0	124	947	
609	293	7	0	282	55	94	426	209	126	184	97	49	351	312	65	
610	343	285	679	268	261	310	352	885	
611	0	8	258	603	321	
612	271	257	508	602	606	
613	99	254	24	0	475	1141	234	
614	518	212	522	791	318	1064	665	274	196	854	513	987	27	525	208	526	134	198	210	707	
615	291	302	342	936	268	688	321	878	
616	312	853	671	568	135	423	344	518	1072	55	815	178	52	133	184	564	614	572	674	487	439	
617	432	30	484	61	734	281	124	506	419	923	467	691	287	958	130	236	587	968	1162	965	769	54	171	195	76	784	377	961	94	595	182	943	659	185	581	470	0	672	7	954	233	215	678	
618	287	306	120	325	240	301	160	514	225	95	1015	173	81	362	38	180	280	
619	1479	259	124	894	34	741	98	681	419	97	677	1218	500	353	992	6	405	392	180	0	280	682	
620	108	782	196	7	248	232	95	332	179	172	182	297	0	539	417	256	538	116	566	199	720	540	292	794	431	553	675	383	925	824	721	267	32	1011	
621	167	276	27	577	78	977	431	98	1227	85	211	692	93	1015	585	126	531	721	108	720	141	158	832	28	3	168	251	189	182	7	256	483	143	729	1059	156	430	116	992	552	232	1302	395	417	71	
622	69	185	450	274	203	658	65	647	287	
623	830	311	409	256	688	325	918	740	474	49	23	741	326	761	259	120	294	689	248	596	92	545	978	875	285	885	404	686	
624	1019	691	197	168	190	654	189	201	392	653	651	209	677	167	196	199	234	407	221	485	482	
625	331	263	332	288	312	681	
626	171	1	85	684	25	316	548	580	68	283	32	545	734	590	561	275	272	575	226	27	190	3	404	179	457	635	317	183	517	134	565	186	182	698	659	178	
627	304	689	7	257	1024	
628	171	708	99	293	3	654	68	659	222	1108	875	503	55	276	110	326	161	692	434	267	146	57	285	152	
629	831	931	271	110	894	731	6	263	272	294	686	1039	249	124	21	152	639	215	116	933	24	
630	287	345	312	309	
631	654	507	72	734	632	422	173	366	132	403	99	548	24	1	70	55	745	171	621	54	214	355	233	
632	176	321	236	525	299	49	422	78	233	96	44	
633	921	987	844	330	224	92	675	1334	149	121	984	822	13	990	289	594	117	1141	236	932	931	284	404	287	271	590	475	
634	322	1024	332	741	14	326	
635	24	274	812	312	
636	741	149	832	507	743	689	272	830	1243	1050	1343	12	117	675	322	1010	534	116	24	407	
637	21	227	186	448	264	449	174	237	430	193	454	187	404	
638	198	312	172	525	97	305	989	99	552	164	512	715	50	730	1120	11	650	516	193	386	310	723	59	203	961	487	526	279	922	
639	427	314	690	11	232	46	55	67	169	826	918	662	1066	78	303	150	719	201	69	91	172	
640	656	557	431	335	337	22	267	88	
641	132	1472	20	789	391	209	257	34	27	217	1218	861	567	626	927	116	194	758	382	476	1048	778	131	398	426	154	293	738	364	81	419	68	1022	1035	180	37	587	366	377	1284	28	442	558	999	950	1090	464	1135	1151	98	415	230	1010	1029	55	101	779	500	578	443	754	570	130	
642	738	366	447	1148	48	126	1100	68	233	602	504	823	3	245	10	161	968	570	422	227	495	64	435	176	508	1	209	419	117	11	275	482	201	272	1073	720	32	76	155	153	167	
643	976	1619	236	260	545	258	49	332	
644	649	194	652	238	473	134	659	505	182	80	657	626	482	708	180	179	434	481	446	201	86	190	1017	242	
645	346	303	891	258	322	689	351	
646	173	87	1046	28	401	1013	299	81	230	741	135	
647	928	1625	38	429	8	497	274	290	322	142	727	69	143	636	634	94	14	251	996	568	177	122	678	168	87	501	1336	166	67	930	526	747	861	513	443	78	560	110	826	204	233	367	287	565	470	628	88	1109	504	1046	506	595	150	471	280	1243	49	410	103	
648	256	116	1282	297	
649	607	707	139	415	565	1125	28	661	242	88	215	510	398	134	647	968	370	159	750	70	231	630	108	430	492	65	1148	193	808	96	186	194	54	1626	287	143	26	195	575	501	293	596	529	419	500	308	822	580	416	99	117	377	21	545	1109	779	662	1049	151	848	433	207	
650	326	514	305	293	
651	293	698	256	287	
652	160	471	519	861	762	96	637	653	117	190	754	495	257	641	192	656	392	244	470	124	983	156	95	1064	520	222	233	580	545	306	1027	577	707	213	1135	402	387	940	509	138	227	75	212	1182	221	6	21	822	167	621	289	63	481	215	779	355	
653	146	194	94	741	257	81	180	188	12	195	1047	282	248	820	254	237	1019	755	331	96	110	99	53	68	245	214	7	70	275	
654	952	503	142	1417	1111	1127	955	427	155	1465	671	272	301	41	618	303	549	627	1168	763	515	913	1066	268	286	1028	345	1367	711	957	317	463	156	1040	917	729	824	1117	534	1011	18	1402	395	380	730	1112	501	1041	374	1207	973	366	1062	10	528	171	404	1107	178	1642	88	745	914	329	637	1553	3	1013	1152	868	23	21	1406	1464	864	1640	54	377	1267	1637	706	175	256	264	854	143	683	51	958	912	603	327	731	26	174	571	401	1515	583	749	715	30	898	159	311	448	96	949	1387	1531	1007	1244	474	237	1254	87	1599	196	879	473	675	738	19	191	0	123	739	920	292	1225	1191	1632	514	319	726	1636	1045	
655	300	325	337	346	
656	116	301	627	6	507	
657	1078	136	627	21	200	116	30	41	959	95	476	0	942	317	
658	163	386	660	233	312	152	76	160	187	81	89	55	488	209	835	653	523	481	418	1043	475	392	65	22	804	161	615	654	606	446	240	674	648	154	489	96	761	450	
659	97	218	365	39	1410	509	180	196	639	1034	651	234	1	484	163	143	300	216	567	138	656	253	171	175	392	215	384	327	271	214	1138	98	1614	119	133	131	809	568	190	96	256	747	404	78	
660	567	117	0	427	171	178	144	279	1044	971	526	656	750	470	198	497	303	630	426	435	424	174	215	651	
661	284	1379	285	1341	
662	0	288	172	275	875	116	279	123	321	327	740	761	596	677	924	709	293	191	918	2	983	312	182	149	1047	977	285	843	863	894	1275	
663	521	44	1108	483	70	530	161	182	120	63	769	11	174	305	211	461	285	653	672	701	426	49	654	763	172	791	96	55	565	158	496	117	152	
664	124	534	285	342	150	132	1008	88	1046	844	420	930	292	195	110	923	297	96	587	925	327	418	133	426	146	248	1060	747	
665	55	150	495	518	95	1450	69	650	791	236	743	65	635	526	10	31	603	281	171	47	168	136	126	110	482	477	81	6	478	504	131	142	759	190	176	115	172	1070	501	944	466	741	473	492	517	68	167	198	654	
666	650	271	315	195	460	237	300	659	215	
667	123	288	28	299	96	366	895	901	357	
668	510	268	6	613	473	174	323	514	191	663	193	234	914	256	117	901	656	251	245	748	
669	518	514	520	1298	174	482	483	948	479	
670	37	146	120	525	719	221	848	175	801	1596	561	6	582	924	200	355	1072	577	1	1302	122	683	171	203	
671	1027	283	126	930	268	
672	343	267	326	310	302	271	897	
673	256	281	117	126	124	865	596	251	
674	85	302	222	271	936	899	
675	257	301	302	171	901	116	482	299	269	264	249	258	915	992	889	
676	739	244	128	1010	239	322	100	1239	306	
677	24	0	49	281	741	
678	567	415	519	131	750	49	172	168	203	267	173	747	
679	13	247	272	516	293	514	150	
680	893	257	309	303	
681	251	686	773	150	173	1409	78	1088	819	475	46	771	1038	808	191	38	1046	848	741	582	712	721	178	37	245	549	1427	8	324	87	322	49	254	180	158	519	1310	558	152	684	215	1045	446	357	41	80	1221	208	204	998	707	392	627	747	32	217	1	656	577	1092	157	832	172	218	22	1216	1015	232	272	94	545	653	807	553	155	1302	394	237	584	
682	314	315	270	625	681	1482	304	353	21	878	910	316	298	247	244	
683	394	215	741	552	731	392	47	780	727	146	37	247	251	715	584	72	476	
684	871	323	301	872	
685	186	805	27	968	184	196	203	178	541	179	191	429	356	650	
686	339	318	322	878	
687	303	258	878	681	
688	327	747	236	124	0	297	294	
689	232	793	683	237	79	52	88	152	1117	283	375	746	3	1206	185	1041	66	779	167	157	105	1027	158	
690	602	747	523	691	499	1171	
691	844	99	762	203	126	1011	207	411	
692	22	1521	692	581	257	1134	96	513	97	1144	442	734	741	209	142	11	545	506	976	210	332	654	299	1135	650	631	854	281	431	426	
693	480	238	14	198	182	210	179	698	186	96	481	431	175	529	964	691	194	142	173	130	47	199	356	505	583	616	204	193	520	581	392	
694	327	332	269	357	353	747	988	
695	285	312	519	306	233	
696	236	594	332	281	595	125	454	1058	1021	221	287	985	128	741	309	249	301	762	122	330	259	
697	512	172	1019	488	479	257	293	944	490	174	708	201	190	194	639	662	433	167	496	221	525	967	1298	198	486	
698	759	220	285	1056	1327	474	116	977	1614	404	819	224	827	747	982	470	869	267	233	481	97	976	234	1008	22	885	830	49	323	
699	422	27	530	95	
700	99	749	254	314	299	310	
701	257	894	287	747	878	293	
702	8	146	818	321	234	299	457	99	763	
703	97	151	605	99	130	610	49	491	171	208	177	522	638	207	490	381	602	184	
704	931	297	362	567	160	283	141	285	227	415	559	195	95	63	116	1034	93	624	282	14	281	622	
705	147	180	23	741	24	
706	1119	461	159	1173	1021	309	190	1106	516	935	525	51	1544	139	219	457	123	316	526	717	1380	1210	134	1067	189	424	301	161	153	714	659	381	13	105	293	1023	865	1170	879	220	922	662	466	1641	482	1100	346	
707	879	739	925	325	675	689	270	254	863	686	117	335	321	1048	49	303	236	411	750	361	545	
708	469	181	217	227	567	938	848	143	95	422	362	514	858	553	636	440	635	958	402	560	175	81	577	272	61	160	563	
709	264	298	312	1038	309	334	88	750	115	270	186	431	417	172	419	178	302	
710	675	1220	94	254	213	199	735	7	424	264	920	214	416	271	659	719	215	57	761	709	9	777	339	315	965	119	47	68	276	195	565	231	482	738	474	115	136	110	422	300	471	65	132	922	
711	767	195	89	432	745	733	77	139	485	214	842	39	746	698	48	394	995	587	364	780	66	401	730	1220	509	385	65	95	494	841	3	500	
712	339	326	1126	689	751	269	
713	0	14	251	283	2	471	404	275	
714	124	172	731	32	238	712	160	366	925	231	1015	144	3	424	116	404	247	1214	940	287	91	69	273	777	120	1044	545	143	454	1046	825	954	742	
715	227	1202	191	489	424	629	68	259	384	140	485	728	601	194	24	627	964	201	264	22	80	631	141	482	392	444	156	477	498	524	95	189	431	199	236	411	587	30	233	491	1268	10	221	339	209	472	87	426	274	734	152	1049	12	
716	865	116	326	149	221	259	311	236	24	454	120	1050	627	49	293	824	339	147	
717	120	288	470	1027	688	273	1164	
718	8	78	63	213	125	136	288	65	236	581	889	70	87	
719	346	314	1175	315	310	271	
720	470	990	265	1038	327	879	878	358	654	215	134	257	1294	161	208	7	876	738	69	326	526	1220	180	242	241	434	268	214	281	124	748	871	754	
721	865	293	404	870	747	110	299	120	
722	285	190	8	136	
723	351	892	987	679	270	241	300	271	750	332	328	341	337	881	299	331	342	
724	244	18	287	357	285	
725	0	897	354	1058	
726	568	1075	81	99	450	171	162	264	231	210	420	615	561	1048	182	396	394	814	800	226	82	878	88	94	404	770	168	1410	1216	37	939	932	754	365	238	848	11	1272	228	684	366	538	67	4	471	131	100	819	187	830	540	397	107	230	626	130	519	177	525	53	78	62	267	1187	
727	507	1354	236	99	123	
728	682	299	321	287	
729	267	257	120	99	150	534	299	
730	493	65	481	477	484	506	189	483	169	135	182	495	1268	426	607	507	
731	321	304	303	331	
732	146	932	290	712	295	283	1657	244	1066	280	1170	106	819	845	281	301	1162	274	124	284	293	
733	142	98	190	209	192	221	481	171	698	281	482	81	
734	320	146	241	303	763	257	285	1011	122	675	
735	126	247	323	531	
736	172	11	168	136	155	63	
737	150	180	190	649	915	152	1015	356	46	264	925	696	433	0	116	205	602	209	196	210	70	87	143	126	417	229	379	135	195	
738	300	464	21	55	602	54	525	
739	937	270	299	285	
740	49	1073	356	94	27	82	392	14	81	217	180	434	130	565	30	474	944	227	133	254	
741	283	180	293	249	12	
742	99	257	307	407	288	291	293	
743	27	300	301	1133	173	
744	274	514	78	99	19	257	167	0	519	182	935	526	
745	684	221	549	49	201	120	402	228	173	596	131	398	404	
746	429	1630	234	1097	510	938	432	633	654	607	201	653	2	172	203	90	1044	442	579	843	230	524	694	422	182	346	482	181	614	107	314	286	426	87	302	478	704	602	81	312	520	38	507	155	215	485	392	391	153	115	210	948	20	175	791	72	208	99	
747	47	70	173	514	516	709	0	708	142	424	192	117	193	188	656	85	131	495	96	587	194	
748	1040	464	429	270	100	1135	583	658	1022	230	173	762	401	476	156	365	929	432	636	0	203	124	974	1614	231	279	201	405	832	81	256	844	1273	1012	183	418	144	495	525	110	522	158	225	943	87	530	635	67	167	479	403	364	626	565	229	801	76	8	253	61	443	
749	327	287	326	878	299	321	
750	855	750	482	1006	557	97	203	99	379	393	61	178	100	249	567	738	110	247	688	431	93	82	209	659	143	226	69	322	346	784	944	602	777	
751	259	271	901	269	268	908	324	344	337	750	309	588	293	1242	
752	303	672	271	483	426	171	522	198	461	97	897	
753	275	675	475	476	254	116	
754	342	287	270	747	288	300	874	
755	621	322	180	918	324	1239	182	70	90	2	140	94	225	88	142	553	7	49	422	209	1030	
756	398	342	127	160	325	422	384	78	553	567	28	3	120	247	637	154	548	678	677	454	121	61	1272	96	228	1	167	560	894	216	182	404	297	
757	513	1243	247	891	565	1110	140	826	918	152	540	1087	234	420	429	228	292	229	5	81	94	530	310	427	488	686	606	355	28	196	60	830	836	736	747	863	652	618	704	107	505	889	300	1500	1142	95	7	649	230	789	288	108	55	434	11	126	297	750	454	461	130	413	176	352	545	351	296	315	763	80	22	
758	49	280	257	936	747	274	
759	201	70	374	872	287	254	277	1036	
760	180	1276	146	288	290	282	454	14	1271	863	292	747	293	
761	172	115	273	255	
762	158	11	110	818	152	211	468	134	474	626	391	27	84	463	526	46	59	131	431	729	86	170	285	0	136	
763	97	8	273	13	175	173	272	85	139	731	1056	742	293	10	495	410	244	55	945	30	222	
764	136	285	506	24	
765	653	213	81	89	186	215	130	197	271	671	413	264	434	190	356	603	431	184	967	522	464	392	632	529	638	366	374	71	395	39	171	427	728	230	964	
766	431	647	504	221	162	505	99	
767	619	814	755	64	15	844	172	345	126	300	268	0	
768	0	1311	117	404	1027	
769	936	245	476	296	288	874	357	257	92	0	741	221	
770	3	188	541	274	201	689	872	110	273	693	407	127	402	133	
771	258	331	263	321	322	330	
772	170	750	1068	729	250	789	1239	1187	184	237	427	28	173	188	808	567	1251	228	287	356	197	323	190	674	69	90	92	1017	958	12	918	285	
773	526	202	738	356	7	392	52	76	536	654	553	398	93	549	116	777	584	230	299	22	513	385	830	49	405	946	451	683	78	558	402	90	401	104	257	126	412	509	187	27	21	229	410	435	
774	304	271	749	326	312	
775	589	673	946	191	97	126	566	21	173	563	442	281	495	606	275	440	436	1218	437	421	705	
776	356	508	522	651	203	8	156	
777	495	167	229	34	153	225	195	422	77	237	218	179	120	
778	124	303	6	257	242	221	283	
779	132	432	602	69	97	519	96	171	507	422	466	
780	326	68	49	267	134	96	244	231	
781	258	1510	750	256	263	1013	904	1389	989	1126	1607	1657	878	1137	1387	1172	357	877	249	349	350	894	126	682	1383	680	681	297	1242	535	1190	1476	679	1257	342	991	296	1251	1253	1314	986	337	293	298	884	247	
782	268	333	263	287	298	879	
783	302	259	267	270	677	309	333	
784	194	151	422	272	208	
785	227	173	356	698	116	707	280	172	285	483	194	448	88	110	695	233	49	190	203	403	207	723	422	
786	903	330	287	312	244	358	360	897	307	309	347	
787	150	198	422	661	553	404	270	301	1406	569	644	233	398	549	225	426	390	503	684	432	983	1247	719	61	822	193	96	214	481	408	327	3	55	470	747	217	27	54	240	509	21	738	326	1125	174	300	754	548	578	
788	8	1006	136	627	287	507	
789	450	153	55	72	484	90	1073	208	948	14	596	390	785	0	216	357	1187	116	167	404	1281	212	720	183	385	925	228	1027	297	469	95	569	84	1076	738	66	37	848	3	115	121	608	400	239	327	939	
790	321	326	301	305	180	
791	925	117	475	150	404	470	236	20	595	
792	120	292	405	814	247	8	149	1364	251	180	128	
793	13	274	126	223	149	241	1250	
794	654	918	657	422	549	71	41	116	11	796	153	149	181	674	185	152	67	1	2	0	188	1029	366	166	117	825	230	46	424	200	770	
795	61	131	283	37	754	565	248	190	280	325	35	627	727	1000	370	315	447	94	927	377	292	172	62	90	684	614	184	417	490	4	509	320	142	671	1035	632	413	126	761	558	605	1041	395	235	529	8	231	721	153	232	216	341	450	1100	154	590	485	1040	479	228	477	270	230	181	117	160	53	214	704	55	806	
796	339	180	293	686	268	
797	364	484	960	1248	585	948	256	393	1445	708	570	820	952	142	443	1118	861	86	109	161	160	257	928	279	416	686	157	70	72	661	207	794	14	814	827	137	995	747	1424	718	219	706	93	1269	559	89	418	
798	653	426	173	305	
799	256	741	180	221	49	
800	681	301	300	287	267	
801	293	199	196	1024	673	182	444	134	216	233	332	200	298	572	218	
802	320	339	270	258	241	537	
803	151	770	96	212	430	321	179	670	1024	701	1209	203	840	987	646	442	259	234	1488	443	217	126	398	327	232	138	225	557	48	69	190	80	171	71	1139	172	435	661	23	183	1176	418	1049	9	454	187	455	971	587	251	654	90	581	258	134	196	575	201	512	1075	81	432	379	119	400	628	
804	357	476	386	240	178	545	747	120	658	213	404	8	104	718	385	142	7	431	432	336	233	430	221	234	602	663	544	173	958	6	88	330	454	182	216	580	997	55	215	81	741	257	139	208	90	809	39	161	11	1053	410	105	518	174	
805	87	161	239	272	704	195	460	323	154	420	878	78	483	152	248	167	674	1097	1017	81	1047	225	1009	180	1015	689	209	874	
806	569	510	0	502	449	448	426	116	126	100	472	577	95	1132	398	383	490	422	288	658	747	171	373	299	1408	142	420	527	49	227	656	392	526	384	140	704	251	929	297	968	
807	345	287	326	261	
808	301	306	298	288	
809	322	878	312	338	293	
810	689	900	987	293	
811	681	357	288	747	
812	299	749	876	891	270	
813	97	440	442	412	674	183	673	
814	944	158	392	82	78	142	214	162	523	171	654	595	670	385	390	227	30	646	431	166	448	76	0	228	257	836	638	317	187	484	94	81	417	249	685	622	
815	342	330	354	299	331	
816	117	454	146	128	357	830	0	
817	1104	268	315	311	
818	318	302	380	1159	146	
819	287	314	263	270	
820	458	317	94	844	97	131	110	180	283	992	482	70	
821	90	1090	332	407	70	
822	127	94	190	124	683	417	78	731	1216	458	432	317	605	470	691	149	407	80	720	91	741	143	159	685	1106	426	639	90	192	707	237	449	96	89	1045	209	1134	
823	293	303	677	320	
824	384	869	325	985	97	221	863	119	839	125	282	565	290	275	124	6	280	918	281	627	739	747	116	596	404	870	244	490	840	
825	100	510	549	126	187	61	434	1239	819	683	425	182	94	225	175	664	52	848	342	539	567	335	575	
826	688	271	267	346	285	
827	270	69	461	1596	1004	970	287	82	344	282	23	693	212	321	511	315	301	1055	56	346	
828	221	277	285	638	461	99	274	318	514	511	283	474	
829	225	587	55	175	227	221	836	691	500	196	201	70	738	0	450	49	95	401	402	426	210	
830	747	244	287	749	265	173	203	346	283	49	128	686	299	1118	
831	244	470	333	263	24	
832	78	159	641	572	204	1180	27	613	99	678	37	377	216	272	175	1015	466	979	1273	163	261	932	155	729	669	428	918	10	402	222	549	92	117	266	4	270	57	202	1427	839	339	482	663	380	11	49	459	478	6	426	474	237	151	
833	1016	8	254	286	543	627	743	297	257	275	
834	161	285	97	156	199	377	457	504	426	404	203	615	190	927	611	236	126	734	24	192	
835	237	879	874	506	291	792	162	301	173	164	
836	475	933	275	110	257	124	8	327	627	
837	237	82	353	747	49	479	152	133	454	68	70	749	221	123	1004	167	23	8	
838	110	284	120	117	949	1244	234	531	863	105	695	
839	461	496	749	473	656	883	172	203	184	422	366	1064	478	116	654	202	844	428	168	644	854	131	615	211	133	209	610	660	165	606	491	173	175	658	356	1265	477	527	1638	
840	287	891	1293	312	299	887	
841	343	339	901	323	314	
842	565	527	430	577	97	210	1038	526	144	78	549	799	402	101	270	497	830	238	299	659	356	134	171	443	198	587	217	153	225	653	158	233	379	82	208	568	81	1479	203	580	
843	11	160	777	153	70	178	920	567	863	183	420	299	254	175	180	317	
844	908	899	268	1433	310	345	
845	1167	674	440	1068	745	730	451	704	109	202	1517	490	664	52	238	462	379	505	140	40	629	948	193	7	287	473	27	209	416	754	3	601	422	750	1478	1003	1220	650	212	514	1410	217	189	178	498	208	184	78	1054	567	392	1219	96	836	734	671	57	402	522	430	385	484	954	264	809	232	54	47	1147	229	69	138	1043	133	1017	560	366	210	1065	1477	941	
846	455	495	404	238	602	741	566	10	195	116	76	78	433	409	475	180	0	12	150	739	237	925	1171	567	49	87	117	234	209	
847	1125	754	153	88	970	264	662	124	233	107	511	513	653	1020	81	1064	182	639	172	614	1100	609	475	214	484	213	480	190	117	68	
848	120	587	233	632	
849	293	203	81	21	14	583	27	518	647	173	
850	1033	741	30	230	894	78	346	827	1015	771	929	121	689	265	260	911	596	156	124	590	839	1597	454	352	563	285	143	26	1008	976	1290	1131	249	1313	237	16	1024	152	362	686	471	
851	126	1051	505	116	117	251	357	263	6	
852	257	293	689	876	306	1279	300	332	
853	179	510	483	128	272	478	486	631	487	82	249	1046	78	41	342	88	1225	513	708	174	1013	193	224	86	481	810	927	596	270	22	0	462	149	184	8	798	269	282	49	420	248	1012	924	
854	169	59	197	170	
855	687	285	327	306	878	
856	303	19	299	23	
857	8	333	292	126	
858	312	420	1047	367	292	281	474	
859	731	302	282	210	311	677	513	300	662	332	99	304	948	516	
860	713	115	169	178	546	320	581	461	
861	264	543	973	116	844	495	632	1109	475	415	110	186	173	95	180	150	977	504	478	565	482	484	412	207	256	96	430	181	497	227	927	432	479	
862	1394	331	875	1023	318	989	897	261	753	328	341	902	1678	1061	1312	884	241	338	343	291	304	
863	86	11	143	381	282	624	316	746	641	500	767	1032	66	327	1139	70	48	465	214	225	285	400	664	257	595	4	418	558	244	76	27	194	356	158	1302	187	541	545	548	342	1118	6	733	116	181	99	156	398	1445	224	209	227	289	189	471	1015	167	168	
864	596	846	470	117	927	410	221	454	327	928	1027	90	70	
865	320	314	312	346	
866	854	185	194	78	1038	474	10	131	133	322	203	202	422	173	195	182	95	8	221	
867	433	267	777	1284	11	726	454	46	397	479	587	446	684	108	160	168	186	97	203	120	138	90	577	451	264	381	88	141	239	824	418	1036	1	126	1182	177	842	227	384	737	154	
868	411	410	845	695	281	12	311	121	293	
869	1111	653	167	63	134	683	210	288	645	944	316	215	3	420	384	723	553	1013	1229	762	196	209	271	607	1043	771	557	573	169	267	21	69	1209	37	522	247	630	171	181	498	9	64	731	10	519	57	470	185	504	264	193	8	712	
870	172	341	903	182	269	565	21	120	181	240	196	1344	1021	1384	49	936	548	954	401	908	244	574	1175	
871	681	333	894	309	272	1283	596	814	322	105	819	346	116	1027	
872	299	288	268	357	
873	653	126	196	19	520	747	
874	7	55	168	650	11	299	179	180	21	460	1421	651	182	257	44	49	511	
875	237	522	434	528	
876	269	82	240	51	556	661	474	184	920	581	381	736	154	287	273	201	
877	754	462	320	203	110	528	514	275	285	854	21	233	1038	698	7	1064	793	401	115	392	98	516	481	99	154	780	
878	14	117	221	291	684	
879	300	793	392	7	298	434	1034	683	1223	49	1057	179	863	789	28	109	1156	227	268	474	1015	146	901	1022	382	68	384	569	22	848	880	55	355	378	472	1243	401	207	596	251	27	194	823	590	1	380	455	1283	294	925	991	578	721	555	172	362	824	1150	186	193	780	120	368	800	187	301	54	98	731	385	247	81	341	
880	471	525	1056	475	670	50	558	207	1214	132	1077	199	355	89	102	120	526	225	94	600	418	494	384	76	650	374	53	1065	1479	1123	81	455	275	704	747	520	175	228	579	13	237	472	10	229	217	178	1045	641	446	1410	497	
881	426	130	1059	175	928	14	419	1411	755	475	69	257	214	65	1115	509	659	98	236	120	264	131	454	229	287	377	683	
882	885	344	0	169	660	272	515	21	1117	208	285	221	714	238	881	59	1114	38	530	658	58	528	588	301	167	895	150	71	11	250	64	305	8	951	97	1591	25	462	19	1020	353	55	988	81	751	1011	739	944	579	738	207	236	386	
883	85	637	920	165	1072	948	126	1008	
884	166	595	236	69	238	734	87	431	188	475	178	207	417	382	419	865	81	64	567	78	
885	70	800	239	54	99	16	1230	52	152	691	14	398	1047	832	11	21	48	65	557	171	782	1018	1073	1227	1420	126	409	788	448	4	590	505	207	802	1216	812	28	583	160	91	53	1169	630	720	656	201	117	238	
886	426	696	139	317	844	409	1472	1539	126	595	930	1119	256	927	186	1027	411	1034	945	500	838	420	1282	108	632	12	1059	1412	278	283	762	175	672	767	
887	285	273	190	236	
888	31	951	251	658	275	206	290	272	1066	92	94	1138	1486	1230	717	127	270	6	614	84	168	178	160	211	7	454	179	146	222	356	97	96	134	245	231	645	169	473	149	193	172	299	1073	978	958	427	85	225	124	1193	626	80	878	561	1021	170	1069	163	230	942	574	545	180	281	78	
889	448	403	166	661	339	233	180	236	100	515	49	151	478	152	203	1064	522	736	162	526	167	285	156	
890	115	14	590	110	1039	739	1027	285	273	
891	287	1117	402	421	486	131	109	135	478	520	431	472	632	640	824	177	422	950	440	212	11	150	494	209	88	469	62	275	214	577	678	173	496	7	101	514	479	10	648	273	683	1090	61	481	603	
892	234	475	117	258	404	357	411	409	927	146	121	
893	533	211	247	165	354	317	590	305	874	241	297	750	56	44	14	404	1072	697	323	309	903	1312	753	13	959	873	189	326	306	471	299	1314	255	125	8	283	296	270	581	1015	934	170	918	288	235	124	277	294	470	
894	150	1013	116	596	
895	79	1118	287	6	561	434	718	88	639	3	49	143	152	52	316	107	47	507	386	1216	769	684	123	941	384	237	823	558	1044	807	720	401	233	894	731	1	23	117	1350	84	762	290	695	421	809	247	57	548	229	257	140	673	391	1133	574	142	264	327	270	451	216	19	42	646	712	800	965	429	160	189	194	799	
896	565	545	234	192	927	78	707	187	322	405	368	131	432	483	683	88	200	1032	167	231	171	193	384	469	567	142	825	587	186	264	472	408	173	527	973	126	198	
897	271	682	299	346	315	241	
898	723	30	1015	95	659	213	290	384	201	146	233	470	745	356	153	134	27	97	662	28	746	826	178	221	587	187	498	
899	588	479	833	695	863	409	287	743	116	
900	794	242	727	293	88	755	68	1034	87	377	476	215	402	390	497	825	117	508	19	34	622	233	987	577	
901	171	0	1015	325	86	245	78	175	143	
902	993	275	155	156	271	210	59	280	45	332	237	1141	180	581	3	95	683	745	58	404	527	178	442	1069	870	253	317	
903	154	731	401	299	287	87	89	180	277	
904	6	128	878	470	272	590	1010	457	
905	220	284	543	286	990	1010	99	124	
906	312	49	780	122	818	87	1220	247	293	14	316	1166	1015	290	688	70	24	281	712	274	267	339	273	496	95	590	257	236	1046	
907	146	215	184	731	317	700	78	708	693	422	172	321	182	524	
908	165	338	581	285	381	
909	182	283	22	136	285	747	299	251	23	55	221	844	
910	403	209	382	173	547	198	237	207	450	479	97	189	92	82	637	482	583	150	434	
911	481	167	191	442	519	13	422	172	184	653	
912	97	168	301	98	464	417	435	473	429	233	183	184	517	56	131	155	3	7	10	82	199	173	208	418	431	465	
913	87	215	380	774	
914	306	346	299	895	301	
915	70	202	432	522	197	1193	683	11	105	1010	82	122	581	461	943	942	469	1681	117	677	235	16	526	173	649	508	560	45	238	99	731	960	830	54	272	1073	80	1207	511	701	1013	153	568	4	386	285	155	283	182	1267	245	734	497	475	709	379	217	1069	8	162	21	592	240	
916	0	245	8	286	120	288	311	
917	605	41	630	215	87	486	427	71	629	528	922	165	152	1638	160	442	142	637	519	63	
918	282	320	731	381	1072	275	11	988	894	331	563	216	786	595	146	292	269	136	6	333	222	180	27	139	987	116	271	110	18	741	357	1059	258	3	283	324	63	97	530	1172	831	21	314	
919	244	285	257	327	298	
920	239	287	819	14	184	303	1278	0	537	173	777	321	844	650	691	796	727	759	293	404	483	762	
921	381	549	194	745	97	209	203	417	1078	370	405	182	446	379	42	142	470	154	49	216	366	172	134	448	475	
922	294	167	292	116	627	333	244	321	120	761	471	290	8	1276	
923	172	522	215	180	49	199	116	561	481	1148	128	201	285	704	287	227	
924	681	199	557	244	331	324	
925	271	244	312	261	
926	7	737	1015	71	98	721	120	327	754	68	1092	541	157	239	90	421	779	825	142	402	392	1414	216	10	
927	486	877	332	190	287	175	
928	317	0	283	184	194	173	434	422	22	
929	105	1047	264	174	285	844	404	755	237	13	268	243	
930	99	677	120	236	297	126	301	458	895	361	268	254	
931	862	1511	1396	427	379	29	413	487	6	130	66	415	559	483	458	506	549	1410	529	1115	97	854	188	190	612	1265	515	575	708	204	519	233	704	1450	384	1125	8	514	658	13	1138	569	99	497	840	670	150	197	
932	52	10	1245	650	466	57	88	183	78	409	116	94	95	150	165	574	51	215	153	72	86	96	469	213	20	214	822	192	939	209	582	584	180	41	440	568	
933	971	702	528	572	662	785	207	98	238	302	0	233	225	161	948	460	222	1017	673	196	901	133	176	422	268	473	663	404	87	167	628	227	3	71	
934	273	180	1047	845	120	470	116	
935	1314	1085	1015	747	1201	817	546	311	1078	974	15	339	220	294	863	1369	716	404	251	110	357	590	116	1006	284	107	1022	320	
936	236	296	257	294	223	282	285	115	
937	342	405	257	14	124	280	288	104	1011	110	219	828	755	472	409	457	839	239	120	987	256	
938	256	279	297	257	117	408	507	840	221	
939	691	190	97	872	381	312	175	146	708	180	271	528	426	791	567	481	65	435	11	69	169	
940	454	407	299	297	
941	483	214	361	527	878	171	116	513	538	299	877	749	233	196	327	
942	172	227	731	525	194	824	392	317	567	755	21	1227	273	99	229	411	79	199	283	30	138	366	204	795	1073	793	214	228	37	233	402	414	63	
