0	103	114	180	54	61	134	122	16	67	271	224	17	270	101	202	257	215	66	154	84	102	72	9	199	62	99	177	35	233	19	161	236	194	82	175	214	216	104	231	132	100	256	73	146	21	4	45	69	205	247	145	68	58	263	
1	110	312	308	282	241	250	276	297	9	126	288	291	
2	301	324	270	325	344	345	318	343	244	321	
3	326	358	361	328	
4	393	427	368	213	224	79	400	455	230	234	418	172	415	387	108	388	386	20	1	218	402	438	453	421	375	363	249	150	385	182	99	152	120	62	207	
5	527	190	131	538	193	462	505	523	458	212	268	320	316	152	474	271	284	301	516	220	133	356	457	258	150	297	187	155	303	210	203	404	21	508	173	185	208	31	502	124	135	529	
6	381	552	554	630	528	22	21	170	654	632	414	432	151	573	557	553	10	504	67	584	641	384	617	558	548	179	520	207	323	449	427	31	615	674	98	661	679	417	131	161	658	593	529	599	171	390	38	236	652	498	550	445	603	99	496	418	293	11	568	442	555	656	197	666	333	668	172	569	69	592	89	163	46	513	263	165	579	218	479	655	
7	88	186	187	650	257	340	242	232	21	55	49	
8	689	478	297	293	
9	217	616	654	711	605	318	97	526	708	215	696	161	333	479	155	185	301	177	98	488	32	699	663	288	69	115	184	650	413	12	655	703	520	163	601	485	
10	108	732	240	653	193	560	428	742	746	721	651	430	579	207	37	21	733	516	422	28	276	576	210	718	706	195	51	737	39	400	728	78	56	747	548	364	
11	70	158	201	3	237	214	299	281	169	317	
12	410	65	222	513	50	215	327	418	760	160	883	783	181	654	203	441	568	337	208	795	882	571	825	762	899	94	832	330	462	314	877	182	461	878	116	315	108	588	510	509	233	403	785	537	562	909	651	55	550	454	595	420	278	176	338	180	609	903	891	602	20	115	142	631	126	312	68	686	577	445	587	848	473	448	660	317	417	835	326	96	528	784	271	843	490	238	152	840	27	159	221	851	803	331	505	569	173	413	352	772	756	69	684	526	683	195	438	318	628	154	868	831	21	708	829	557	691	401	833	157	70	828	565	734	514	563	693	
13	11	221	185	274	301	12	8	167	268	602	171	318	497	708	6	812	18	17	180	
14	923	822	747	933	251	926	675	124	934	13	458	279	306	0	689	927	247	17	327	748	
15	133	628	287	99	545	426	207	227	447	509	941	409	94	198	55	446	942	95	641	940	70	75	177	501	134	30	193	475	
16	124	0	136	268	470	
17	195	922	71	31	777	967	46	862	855	199	21	5	952	134	213	495	168	240	41	141	184	57	611	60	954	13	214	366	497	479	112	713	47	165	142	209	515	11	609	417	496	233	525	738	581	150	14	58	190	193	392	956	522	484	317	
18	201	312	152	210	
19	14	21	150	171	143	142	287	86	94	
20	4	981	258	858	326	260	262	440	674	199	97	558	323	976	562	924	451	594	974	566	989	993	221	873	687	327	975	55	261	568	452	443	126	200	980	
21	406	434	1	116	208	84	525	839	650	450	565	683	711	229	143	194	28	79	1000	522	987	432	240	996	430	
22	82	515	511	540	101	478	130	227	407	596	545	95	87	417	72	223	142	193	221	88	855	176	150	143	274	503	131	431	169	27	
23	401	8	172	274	131	237	420	177	78	288	24	507	474	
24	142	173	836	478	928	500	264	221	526	6	728	237	24	403	115	
25	978	747	404	322	8	507	281	299	248	929	925	590	514	759	234	475	627	236	830	454	249	
26	245	474	243	294	49	
27	799	10	322	433	443	216	566	175	602	587	442	217	195	163	49	
28	873	305	269	263	660	878	
29	303	230	81	402	537	779	171	241	
30	497	152	191	885	874	503	298	
31	865	289	258	474	312	306	741	297	
32	257	293	871	681	
33	689	293	1023	298	
34	332	880	241	325	936	
35	287	881	318	872	
36	565	81	120	830	287	221	402	232	264	194	146	
37	402	1029	417	431	98	549	187	394	355	293	144	242	572	767	104	194	87	1015	409	1033	121	138	507	225	
38	271	299	318	269	
39	345	302	271	315	879	301	336	
40	1038	96	190	68	174	179	57	208	152	194	
41	171	432	194	1049	417	11	1039	754	85	0	70	62	719	793	370	102	467	409	366	520	227	1046	412	923	426	174	745	587	1041	924	120	495	167	68	490	209	
42	750	285	538	630	327	346	791	160	284	495	408	777	698	497	110	685	247	1054	270	57	142	541	289	236	69	188	8	230	48	1034	949	172	55	943	300	316	301	579	72	567	401	14	417	683	
43	316	190	448	624	152	99	226	469	473	95	259	167	142	134	602	431	495	66	158	1057	192	175	404	162	98	522	88	94	446	755	
44	762	99	287	992	14	108	761	755	6	
45	180	1061	306	261	312	
46	1021	306	285	320	257	
47	602	131	523	660	242	653	478	169	356	288	268	987	182	
48	319	16	110	1002	556	740	239	300	403	167	716	576	170	342	89	144	147	820	384	405	218	261	7	346	1069	587	1082	1080	312	903	10	1074	1073	1065	624	697	269	371	593	11	530	475	366	
49	323	1083	275	285	
50	183	180	678	131	
51	656	747	317	741	761	918	814	115	18	106	120	
52	747	6	24	844	173	
53	1011	24	870	1015	312	826	150	275	290	741	324	326	126	
54	596	253	6	1015	
55	264	166	299	215	116	152	233	677	234	558	409	153	87	236	727	65	780	472	545	384	1056	160	88	446	945	96	293	194	30	574	522	178	745	72	120	76	28	
56	824	203	78	287	293	1010	681	263	256	198	172	249	863	471	320	410	747	55	1046	257	1095	
57	19	1100	274	63	1062	644	115	380	1105	500	97	729	99	0	120	731	12	68	511	203	237	212	299	1101	149	432	1083	772	1103	482	
58	172	1117	236	366	124	691	773	264	97	624	495	780	426	287	461	663	392	196	122	590	738	58	76	17	432	1047	974	927	69	101	614	133	417	708	193	115	317	110	401	791	70	242	971	761	457	168	420	142	510	431	14	72	183	587	569	446	950	190	94	428	755	23	209	1113	239	746	199	82	759	567	583	276	1108	469	175	131	
59	227	492	365	494	524	174	509	150	493	417	22	640	473	175	76	326	236	1122	217	11	285	226	221	522	516	659	479	419	513	498	63	88	59	744	592	151	674	495	500	528	58	
60	750	242	327	303	
61	187	69	773	216	61	156	182	180	198	728	663	567	1015	1128	154	226	703	743	672	54	99	21	6	2	540	274	526	844	814	709	95	701	442	510	1076	714	63	203	88	208	85	70	400	364	472	401	
62	1010	286	747	1011	136	472	49	12	180	928	261	507	282	1066	675	1007	740	281	
63	63	428	270	95	777	92	76	198	968	510	661	174	519	178	120	1064	958	233	27	155	143	213	51	49	160	558	418	325	184	508	526	283	450	538	227	380	590	202	71	211	
64	24	14	195	124	27	238	201	401	734	87	364	1128	8	777	184	392	
65	474	280	285	14	248	126	297	
66	104	272	826	124	121	1051	
67	281	275	741	404	236	126	
68	741	287	288	281	123	6	128	55	236	180	146	1141	267	
69	49	142	526	160	541	472	945	259	47	168	224	207	545	62	190	416	482	738	88	14	0	297	94	182	196	819	
70	288	256	97	428	99	63	221	
71	503	49	24	514	88	236	126	517	402	169	8	565	426	240	176	580	653	229	581	14	381	175	196	479	193	219	128	
72	179	11	80	922	474	128	270	186	170	93	88	205	6	
73	14	325	99	314	12	136	312	
74	1027	823	270	951	239	289	596	830	146	24	987	819	110	684	124	
75	22	342	58	285	149	473	954	128	324	323	269	292	134	120	1158	602	
76	267	497	198	473	482	190	430	180	55	49	131	635	120	227	
77	475	256	92	870	
78	689	149	310	762	282	899	318	739	9	6	675	
79	885	78	886	530	259	
80	120	404	97	275	185	221	273	1027	149	6	317	
81	280	825	309	518	522	342	236	285	481	473	480	2	413	457	918	865	7	133	670	454	288	207	210	472	27	274	174	169	126	69	1162	193	483	
82	780	104	755	1	234	253	244	574	1034	215	542	321	831	976	264	845	3	273	203	297	124	750	120	422	404	190	242	63	478	62	233	
83	257	0	78	1032	99	822	684	273	747	743	272	264	221	
84	1102	384	50	1120	691	209	638	587	192	621	327	160	208	196	332	283	479	1069	495	52	134	191	44	212	491	529	854	285	135	446	276	237	229	1074	151	1168	501	923	526	8	1136	324	510	12	245	731	663	480	228	484	236	494	403	221	464	588	281	
85	326	325	257	1174	
86	518	1188	181	230	1186	69	253	584	87	392	251	273	450	683	96	200	232	408	1048	66	317	495	801	153	178	1078	509	127	299	779	78	203	809	999	549	234	95	844	684	410	79	714	
87	260	903	307	301	
88	812	0	320	256	48	149	13	12	215	814	25	474	221	715	116	
89	874	96	941	1197	989	1194	527	173	513	603	1195	302	327	126	132	528	258	530	154	479	453	95	30	18	613	655	155	148	961	957	134	198	212	522	944	749	965	1136	499	675	505	116	1203	197	546	355	309	51	490	846	170	300	285	497	1108	271	312	366	1085	55	
90	126	497	264	263	21	483	160	321	1049	327	317	526	494	322	434	734	479	49	63	
91	122	224	539	1208	420	105	90	948	657	50	283	99	641	455	47	154	684	233	170	133	1206	92	724	78	166	586	179	87	160	992	1207	1089	216	4	124	173	242	79	131	152	719	777	232	703	219	57	1017	650	405	146	195	249	54	1214	120	312	245	432	960	731	63	734	973	192	452	782	272	93	574	181	306	225	1015	799	627	38	462	
92	275	221	475	150	
93	218	482	215	507	715	71	749	549	1008	82	142	702	398	1223	22	327	762	410	46	651	650	1221	185	1109	819	99	545	1152	181	585	76	280	464	714	312	420	463	101	548	233	508	582	1217	621	379	81	31	182	366	588	190	417	391	1146	540	227	163	1134	371	560	1057	1073	285	474	80	217	737	741	422	403	228	87	1088	89	683	174	586	384	735	1222	
94	877	1	391	179	21	1132	120	514	587	472	196	446	1187	139	78	549	194	707	1090	421	504	727	461	430	706	390	861	1017	419	1221	182	141	447	891	87	509	281	180	14	218	394	116	1205	76	237	975	50	190	110	1089	402	69	1100	431	185	
95	237	186	513	155	181	126	78	182	444	483	41	
96	483	95	1125	22	194	167	114	602	428	654	131	152	
97	522	434	516	172	24	
98	627	872	272	119	314	203	1046	341	312	543	470	870	1015	327	432	472	681	788	1118	167	124	1051	321	779	455	762	894	
99	690	904	989	315	885	332	884	1235	341	897	257	
100	49	254	596	303	865	280	818	1131	279	110	281	828	224	
101	257	271	183	98	651	210	654	564	297	3	233	929	671	152	685	216	500	384	674	200	185	95	221	839	153	624	264	337	143	55	54	747	259	1	315	194	37	611	203	228	442	0	523	
102	249	300	470	97	256	
103	9	289	755	285	24	326	330	406	312	822	341	288	894	323	344	126	269	236	925	249	826	129	
104	332	306	271	263	
105	96	462	1027	209	106	922	312	68	21	1114	525	494	
106	268	312	285	901	
107	717	303	274	293	136	221	
108	264	1011	541	175	173	409	1243	143	70	130	1134	575	294	66	796	357	153	372	27	124	567	1038	387	126	68	747	63	0	53	62	364	1156	226	110	256	844	180	943	571	94	8	408	167	90	626	93	
109	750	68	848	67	32	214	1249	244	1230	95	731	721	1181	42	764	287	782	306	568	904	1247	1178	894	400	299	66	
110	895	306	325	268	
111	314	244	321	305	887	312	902	301	285	
112	126	974	272	325	423	287	261	299	241	123	
113	473	181	495	526	653	55	482	95	484	
114	47	430	507	474	921	239	316	217	10	470	12	672	309	1072	968	356	11	136	
115	759	267	180	321	878	198	879	184	144	179	274	258	887	747	1019	1256	902	284	805	251	420	1088	10	1141	303	298	1254	259	
116	405	337	1164	287	155	142	143	167	741	1046	930	209	1013	281	404	257	49	
117	426	131	171	435	257	22	216	178	155	173	200	640	1078	527	
118	198	181	474	1196	709	136	82	104	923	192	715	86	251	270	916	212	339	49	258	994	491	321	985	1201	92	657	458	567	153	108	404	69	1015	24	53	409	
119	8	0	281	741	147	
120	11	314	126	643	155	248	427	581	281	236	171	735	471	256	
121	45	723	726	134	69	10	698	186	518	27	512	707	
122	1268	22	274	605	99	287	181	284	318	241	
123	156	549	49	167	
124	1036	66	662	392	519	747	63	274	189	510	322	1245	406	948	200	152	1269	269	133	473	193	780	731	40	366	795	20	339	345	204	194	288	87	289	135	381	
125	309	331	677	680	271	301	336	244	261	
126	226	229	227	221	
127	70	418	171	214	567	421	179	1034	604	0	714	608	477	227	1140	142	236	180	47	1191	293	221	872	215	139	339	552	25	267	81	416	1135	837	495	110	403	
128	312	330	338	310	287	301	
129	63	507	568	332	41	1027	875	948	720	32	205	1206	155	412	228	691	127	826	0	329	233	216	76	40	108	1078	104	388	411	929	362	537	70	124	755	209	893	226	321	1013	147	172	832	741	1216	93	89	945	747	53	373	442	531	3	526	889	110	471	770	283	299	325	334	384	232	403	448	52	549	10	
130	535	296	292	273	286	123	
131	284	136	663	49	
132	750	307	271	749	538	
133	0	257	322	891	338	
134	378	22	323	232	53	580	11	320	233	37	76	
135	222	302	282	297	275	312	256	
136	95	194	14	265	596	249	684	173	384	
137	508	741	210	221	513	184	146	284	12	115	
138	457	675	99	743	
139	333	257	318	987	
140	119	273	925	99	879	863	243	257	743	251	292	281	24	285	545	987	287	1243	247	1022	741	
141	133	242	146	267	41	185	
142	325	346	271	327	
143	99	31	215	54	1038	960	234	14	55	409	49	195	689	104	499	325	275	212	846	190	749	854	961	454	220	208	92	203	6	460	105	470	193	194	126	479	296	422	526	281	1009	
144	545	634	825	469	751	226	933	619	1207	1050	312	470	1286	108	820	695	932	158	355	673	199	876	280	362	392	739	894	194	367	590	404	446	558	730	687	830	769	1072	1244	110	591	264	551	589	134	225	233	269	311	1289	548	99	272	768	742	1032	201	1287	245	649	52	449	1216	
145	310	326	344	687	271	
146	301	285	339	344	
147	176	431	595	1038	712	992	208	115	163	173	69	1148	190	
148	336	244	332	257	310	327	271	
149	627	275	272	457	277	323	
150	740	1112	653	834	46	110	626	461	791	99	685	938	180	602	196	460	1285	565	169	658	432	426	209	495	481	163	49	321	506	286	431	214	428	548	381	87	152	161	836	1263	223	189	728	463	57	424	384	123	9	746	117	654	55	274	493	731	215	1202	663	637	558	
151	97	293	567	7	70	400	844	24	422	411	21	156	254	318	526	1013	233	793	1299	219	631	
152	257	78	180	126	
153	49	640	479	88	639	473	201	487	413	481	
154	305	320	244	987	
155	514	509	771	640	654	10	186	
156	404	1131	254	149	136	126	116	292	514	596	
157	55	432	865	126	232	274	561	81	174	23	220	172	482	728	127	229	136	575	227	413	243	123	186	407	67	19	282	37	61	52	189	110	509	251	
158	126	275	23	290	404	1131	271	987	1024	258	300	831	755	325	1036	872	865	95	747	1257	1253	
159	229	474	429	1196	281	217	78	411	824	327	99	431	150	275	925	407	181	496	212	301	208	186	92	483	
160	314	434	68	47	472	13	897	134	14	285	173	
161	54	1018	229	150	49	6	178	24	
162	346	268	96	27	
163	281	470	825	410	1024	865	619	117	741	341	312	822	
164	269	186	126	168	317	68	
165	346	747	322	321	
166	47	948	132	221	520	72	135	82	240	215	1305	673	434	
167	287	677	1196	294	865	180	299	125	596	762	283	254	471	
168	210	428	481	878	442	233	300	
169	257	325	880	303	
170	303	269	285	339	1021	
171	182	602	611	176	424	
172	328	241	301	293	267	327	318	304	
173	62	698	283	81	661	746	741	220	65	55	380	1310	98	763	268	125	93	780	707	86	1052	1027	948	332	659	239	1031	844	952	1034	8	121	11	64	203	
174	55	507	99	97	146	660	175	
175	323	12	339	750	880	342	296	457	1096	918	297	272	
176	267	242	306	203	149	301	432	194	627	54	128	918	86	22	153	333	88	259	174	160	641	46	95	
177	303	362	283	1313	1032	454	133	677	192	122	256	780	68	0	762	470	69	1156	338	65	179	227	808	254	222	209	1168	38	91	282	315	177	24	494	175	160	618	98	27	844	728	567	1010	1100	233	194	384	10	201	341	234	231	163	322	
178	344	301	270	332	894	915	309	271	
179	1130	430	221	657	1045	402	97	66	27	379	693	152	
180	472	223	1047	1214	1353	1133	590	369	406	273	277	980	1354	1084	285	14	303	1251	304	1025	846	1387	423	298	474	985	358	817	1164	1311	286	103	117	619	288	257	757	287	1254	146	2	262	1369	282	949	115	1350	459	1366	1086	1032	258	990	877	762	1334	865	592	411	871	1351	1347	1374	261	689	122	239	125	1335	748	741	306	1379	1050	136	1318	1356	1093	147	1380	124	984	220	1317	1376	1344	595	
181	595	149	236	202	470	
182	273	175	180	143	1089	482	330	240	355	738	
183	507	491	202	714	521	528	508	276	271	628	1007	190	804	81	522	284	516	65	8	513	641	258	1019	68	971	475	514	505	49	300	955	530	165	207	57	400	236	1231	854	693	1100	1296	595	1166	14	835	698	706	211	13	
184	320	126	479	938	177	286	46	527	513	
185	828	753	146	1252	76	158	297	405	11	224	938	337	330	683	819	1041	54	326	
186	581	735	64	172	659	709	115	693	434	658	461	
187	10	78	467	126	209	190	37	791	317	152	193	117	156	147	442	179	484	99	55	120	203	184	
188	951	60	193	1059	646	473	203	198	180	1402	78	99	1371	631	169	7	522	240	495	510	1055	14	500	149	3	933	208	1153	119	164	273	150	190	587	13	638	486	
189	596	116	684	281	362	507	120	8	988	271	538	
190	338	344	890	301	330	
191	276	124	947	251	339	475	288	
192	825	626	484	93	464	365	279	0	692	154	326	762	553	116	561	209	32	1	194	193	721	186	99	894	
193	622	55	514	402	43	236	57	131	211	317	432	465	117	379	508	238	1092	731	234	413	210	709	285	807	678	214	418	517	863	68	403	89	500	448	86	375	487	197	398	14	482	49	191	156	416	227	455	190	401	647	81	194	1111	184	528	135	65	484	193	63	228	
194	822	739	920	1314	66	46	197	131	13	98	876	226	234	830	299	747	133	430	324	
195	12	339	69	1240	305	380	93	
196	240	226	361	750	293	687	769	61	1227	231	353	173	346	650	339	171	301	879	577	270	182	38	54	
197	248	819	134	380	178	454	530	410	6	120	175	217	1244	99	381	49	426	236	672	683	55	401	5	183	322	240	922	22	257	23	214	427	402	68	97	171	
198	220	321	750	404	988	677	1353	507	
199	422	410	825	173	408	23	24	281	558	664	175	102	684	691	207	221	579	10	182	44	187	608	142	981	454	194	659	1048	147	160	719	116	234	229	1032	322	830	55	37	545	21	192	362	
200	704	894	639	67	1152	233	1130	24	143	580	11	843	199	324	227	1244	339	482	822	1425	26	1	949	1424	275	412	231	451	405	312	183	1207	954	63	196	885	36	1226	1422	508	1423	517	846	257	9	212	567	678	855	1223	714	588	453	1193	664	159	287	582	144	117	942	236	284	1186	470	979	468	635	854	691	8	98	504	1267	1165	226	170	
201	171	282	514	172	
202	282	747	741	49	149	147	322	618	
203	171	879	285	1280	8	317	309	258	
204	332	242	312	288	
205	293	681	1126	895	268	748	359	287	335	1433	888	307	
206	985	545	528	190	753	236	575	86	292	12	223	874	1349	97	207	232	10	608	178	3	745	21	78	844	1011	579	567	264	434	44	1101	215	130	289	244	238	870	461	54	460	182	530	152	87	95	1330	
207	401	434	780	215	380	366	
208	348	407	257	248	687	292	
209	209	273	707	500	653	68	181	750	442	721	134	95	48	650	24	237	731	93	55	229	734	160	187	831	481	501	
210	356	180	889	126	875	63	442	
211	178	644	317	734	285	
212	256	192	287	590	211	169	683	272	105	941	596	184	99	293	6	199	581	24	54	1	221	116	153	840	233	
213	235	426	517	186	474	324	11	247	602	38	461	507	173	12	207	171	133	155	256	212	22	222	1072	1038	951	
214	175	229	163	225	150	238	236	1062	226	14	217	450	379	287	228	449	269	182	
215	832	657	64	627	80	217	763	301	55	11	314	237	199	507	203	497	275	568	273	474	21	133	297	121	65	651	
216	402	181	839	719	49	230	146	577	471	32	809	95	635	173	232	
217	503	152	11	647	465	409	99	287	208	193	
218	268	878	545	567	381	
219	293	302	339	994	
220	1034	6	467	267	127	26	401	1066	1089	942	55	69	731	326	1011	171	214	2	469	203	1072	779	484	846	1016	406	650	736	256	
221	449	161	119	722	287	126	454	771	818	199	197	355	526	269	8	214	67	1044	699	844	157	131	182	6	213	65	93	230	943	579	1439	1	940	270	1078	577	376	1138	146	464	267	10	832	470	780	50	277	1219	77	394	402	392	456	948	70	1088	587	117	275	203	469	451	366	718	195	661	688	938	423	299	553	292	384	425	418	1438	669	
222	844	404	762	308	24	285	184	117	110	368	976	992	716	590	142	288	27	275	119	0	618	
223	279	124	85	619	961	28	221	703	148	147	14	238	747	750	878	236	552	355	365	1440	728	1441	27	1151	42	364	324	845	
224	481	97	1202	142	477	
225	274	812	285	404	6	68	55	241	506	651	
226	1142	12	14	1007	284	286	18	1066	1016	822	747	
227	811	287	654	650	
228	311	881	346	327	874	314	
229	213	10	483	181	9	525	99	446	569	198	392	649	1049	401	237	202	626	497	7	450	204	180	21	422	293	500	
230	470	288	0	845	
231	356	245	271	474	116	80	288	165	269	497	43	90	75	314	743	99	918	588	
232	134	505	514	97	613	126	632	527	844	233	186	201	176	56	57	94	659	46	128	248	274	90	
233	9	602	692	129	236	1099	613	495	955	1034	6	152	211	417	96	87	69	601	674	472	645	605	315	446	275	1020	1449	293	51	110	963	491	222	630	94	434	289	780	661	464	514	444	1454	748	116	288	1457	225	463	738	1010	1204	1185	523	660	600	435	1119	235	527	147	0	285	1461	529	303	357	745	105	1122	195	512	450	72	1202	204	1167	431	146	1038	197	648	958	805	1199	169	487	489	622	4	228	377	481	176	470	19	
234	152	291	1192	284	651	602	318	519	81	173	521	197	1020	683	523	654	82	1133	
235	57	531	1400	70	222	312	522	504	704	1038	203	418	272	285	132	56	281	303	1101	545	288	134	274	236	
236	22	198	57	493	1191	512	285	602	168	
237	457	117	236	814	110	
238	204	530	511	461	202	429	311	510	182	287	503	487	483	161	953	285	268	97	512	90	1055	95	433	208	611	381	304	209	674	513	132	
239	357	268	342	878	
240	894	285	681	879	
241	933	304	290	1151	
242	530	1114	7	156	317	460	150	630	476	92	222	1280	1464	736	214	316	
243	742	156	96	237	245	213	865	144	392	94	121	76	110	696	1106	952	720	925	659	454	814	8	409	125	1135	945	187	286	0	155	722	654	117	236	738	1016	1027	248	1056	723	41	709	651	185	526	583	170	
244	595	132	93	1027	
245	384	7	546	734	79	657	671	227	283	980	28	132	757	430	226	110	91	180	852	197	1138	225	1072	293	405	440	789	940	1134	94	632	674	256	222	412	150	747	144	678	
246	299	150	735	57	120	
247	322	233	677	249	120	21	116	293	209	514	6	
248	23	282	209	8	470	602	107	155	88	745	251	247	30	237	248	171	221	478	1011	78	929	55	234	240	41	27	136	407	567	466	685	468	
249	95	753	947	843	677	194	263	22	747	178	183	628	173	97	484	199	247	500	128	1198	43	233	259	68	
250	54	281	0	247	534	248	312	297	23	116	467	1015	479	249	99	
251	274	275	299	223	
252	965	327	155	1015	293	199	342	587	63	3	745	11	172	209	746	894	426	805	482	
253	754	495	34	767	175	464	628	239	27	377	70	132	950	124	620	226	117	322	677	264	615	180	841	1115	135	379	576	187	422	142	891	
254	263	832	322	52	833	146	342	563	120	894	550	878	443	97	270	981	
255	318	807	818	486	96	793	55	65	362	974	264	37	186	380	777	95	677	472	242	273	755	865	87	293	1089	322	78	747	126	721	1206	14	117	1039	1227	1056	1040	770	85	567	933	
256	129	268	236	530	136	1128	344	380	180	323	58	
257	299	271	325	872	
258	178	38	356	153	268	209	780	146	958	
259	306	321	1242	1024	
260	1236	1024	874	325	293	
261	39	410	337	1012	131	282	27	168	237	431	814	69	1047	293	277	194	472	404	930	1053	268	426	139	922	366	1219	567	236	1277	81	495	0	
262	95	203	86	81	259	479	98	509	613	175	314	257	1125	221	510	152	85	94	142	514	131	134	481	317	
263	24	97	761	1073	193	447	523	741	202	344	788	11	435	1068	720	25	216	149	3	446	791	644	234	653	
264	1196	408	327	116	299	687	124	297	590	
265	274	312	318	267	
266	185	567	1144	221	578	473	1072	384	553	171	474	216	1034	81	654	839	201	448	641	770	209	709	385	409	158	28	49	549	232	779	514	463	565	942	202	168	683	
267	635	266	809	287	474	41	152	1073	82	1221	187	0	596	122	3	2	203	726	473	218	26	283	671	50	381	158	237	560	227	76	20	210	478	163	188	60	557	123	66	94	81	87	368	116	822	120	398	107	234	199	1015	16	727	654	95	32	431	1412	167	579	1072	789	69	948	162	
268	4	14	230	516	504	170	131	960	603	444	715	1039	345	152	760	195	1164	172	497	174	273	440	175	491	196	1427	356	659	1477	496	477	203	395	450	240	178	71	141	126	204	513	99	185	155	184	461	147	473	1360	280	938	468	567	777	151	401	704	1443	446	12	377	746	615	734	
269	378	420	97	573	1470	122	1108	236	693	78	89	12	474	1073	163	256	117	582	557	442	713	565	6	52	1006	221	401	
270	167	309	1	528	51	136	72	124	285	440	662	173	215	565	96	410	63	746	698	712	123	176	548	613	391	648	256	461	514	734	55	168	1045	741	495	234	846	728	424	288	650	97	130	656	503	473	271	604	475	99	42	282	314	106	276	
271	49	177	31	47	126	41	745	171	356	237	
272	318	327	901	899	
273	87	1059	410	1062	404	628	755	495	14	1050	163	49	149	590	
274	173	117	180	929	293	116	434	422	678	21	500	541	100	207	97	1065	450	68	228	
275	690	292	267	120	72	321	249	387	85	426	448	420	768	239	333	1470	793	587	317	1231	495	1073	678	549	517	788	575	1481	53	68	306	49	372	581	1480	930	248	356	1134	468	147	182	283	596	236	160	779	194	1209	852	626	446	153	179	122	46	196	100	435	1108	10	42	806	97	915	234	225	1220	472	331	355	708	450	379	410	272	709	61	843	24	1156	602	1043	108	671	261	795	408	230	1030	20	425	366	684	1313	178	181	79	1012	1072	550	80	30	
276	747	871	128	470	23	284	761	14	924	404	
277	172	301	293	751	
278	16	300	6	1092	727	384	1497	253	99	215	104	115	840	975	65	201	203	194	428	546	718	128	1169	100	683	153	648	174	1495	1239	407	1069	1360	832	463	543	414	72	1483	406	1500	40	1491	46	868	557	921	479	853	238	889	779	179	389	400	31	168	390	430	1058	62	94	1375	362	1184	209	420	861	481	516	460	448	501	264	1161	9	464	629	1485	190	1410	1046	12	939	282	1489	
279	238	66	72	76	240	630	780	1181	1047	574	161	388	97	81	507	541	283	70	131	217	402	1132	485	226	314	1040	95	61	215	738	941	196	32	482	366	728	587	403	386	234	315	179	749	714	264	78	539	779	545	467	1180	
280	299	309	689	747	876	
281	357	304	688	270	
282	293	844	431	1486	90	587	658	167	408	208	
283	261	318	271	314	309	750	303	747	288	
284	193	150	184	215	221	99	
285	733	236	511	1193	143	46	146	116	765	380	152	0	214	122	1046	10	1037	424	635	203	393	1117	353	90	287	106	190	420	723	188	274	741	110	167	928	1264	328	1034	256	195	814	249	233	641	651	789	476	536	482	84	215	654	1118	553	1100	24	150	
286	10	97	275	116	267	475	199	55	425	894	180	27	
287	345	209	293	179	189	99	304	326	21	172	1038	97	215	1357	426	
288	404	684	146	124	150	
289	519	422	1335	808	449	242	482	824	624	1012	161	471	256	142	595	173	251	497	87	929	131	132	384	0	65	379	81	234	48	210	
290	146	468	415	574	48	1272	685	1027	447	618	754	1177	10	705	507	454	799	235	759	417	95	815	823	923	577	199	201	564	124	180	1077	557	779	1089	1302	154	1252	728	375	403	731	27	123	1208	1247	927	382	21	716	8	549	419	571	669	940	92	395	116	26	
291	10	124	704	202	747	664	319	918	658	114	487	82	588	481	9	251	27	164	1013	299	263	123	428	63	
292	645	1100	1015	728	227	157	508	745	413	68	187	25	264	164	707	110	517	184	738	201	0	166	654	567	126	779	557	284	747	247	76	158	186	181	248	66	81	49	1097	855	581	91	976	180	454	48	938	205	764	244	173	289	1017	653	162	182	465	356	154	462	208	425	627	1043	287	1010	88	553	719	431	99	233	84	171	212	142	434	
293	147	545	1198	306	248	538	322	280	482	927	929	618	404	507	180	332	1012	675	880	1066	234	272	290	104	9	267	23	1011	471	750	
294	90	587	464	24	221	51	964	142	132	469	124	156	418	94	1114	93	237	450	208	289	400	1134	264	234	703	497	180	811	1049	114	71	217	101	69	965	416	227	95	108	
295	481	116	1283	210	356	627	6	198	250	1159	274	684	962	126	291	0	12	54	152	704	197	113	237	897	1008	241	258	514	247	
296	454	268	201	152	624	214	85	54	173	234	595	470	507	271	698	658	96	136	199	132	215	21	741	474	1108	41	108	689	356	182	1295	479	237	528	627	581	677	573	
297	510	293	863	513	819	194	22	186	624	429	151	117	401	950	70	865	212	1345	8	602	417	193	260	273	317	
298	94	729	80	170	479	810	126	1321	19	366	741	745	521	738	193	751	516	66	918	239	1118	275	47	24	513	96	1005	134	633	1140	528	530	228	304	344	169	606	196	117	855	318	113	581	497	136	173	1067	1046	398	486	55	296	288	1035	168	512	
299	321	686	242	880	
300	514	480	404	229	99	75	789	379	96	464	122	249	1229	88	630	76	192	66	1134	830	268	46	863	182	228	203	411	757	159	575	659	372	186	161	745	383	80	283	167	90	848	1111	553	672	450	151	225	446	251	410	195	650	215	27	1034	
301	244	270	357	269	
302	250	27	142	1091	280	78	133	37	127	218	14	764	1334	577	120	110	417	568	1186	387	22	1096	63	357	507	170	557	220	317	163	483	545	197	222	116	738	534	996	77	942	249	183	543	79	6	231	482	8	178	98	868	828	366	415	955	1272	172	66	91	374	259	843	94	1181	841	1108	951	119	429	99	938	228	576	653	431	217	704	299	1187	329	1089	476	143	43	403	326	714	1336	247	1036	395	84	182	475	1238	422	
303	274	342	110	270	312	
304	11	194	747	175	1511	777	301	482	80	195	1100	940	511	215	116	285	481	153	461	792	337	750	133	227	41	479	962	463	70	402	707	60	256	44	1410	213	288	384	85	663	87	959	654	208	
305	1008	274	13	743	115	110	
306	422	514	401	587	168	1064	184	82	686	88	268	174	482	830	579	654	427	379	256	162	461	392	
307	1027	862	151	284	377	446	217	355	678	317	659	67	190	156	509	588	640	522	683	212	494	69	194	429	731	567	805	264	641	146	476	492	179	471	648	7	674	65	72	70	704	294	48	745	159	196	627	120	519	465	1251	653	1005	448	64	545	225	297	581	434	68	460	218	769	852	614	527	46	508	504	511	121	645	234	810	1117	428	175	247	
308	878	332	299	689	
309	535	293	23	274	
310	448	641	442	647	117	495	68	178	509	27	714	644	204	747	237	116	328	622	49	14	723	22	67	38	591	719	100	793	415	774	503	120	419	179	403	416	569	169	203	754	549	55	443	707	347	132	777	482	749	520	135	691	126	177	734	1478	257	385	
311	495	675	1049	434	275	572	610	428	478	13	371	485	473	7	631	153	672	222	542	617	164	614	142	1019	135	835	196	640	729	176	477	212	607	171	123	186	22	637	506	178	662	630	920	609	
312	628	72	138	683	264	194	227	174	234	87	739	98	738	435	498	417	236	429	30	184	419	608	480	238	231	442	662	63	669	836	650	672	162	116	150	614	744	217	416	483	202	819	1209	97	215	14	830	186	426	485	767	664	
313	124	24	119	1094	996	596	92	23	507	7	789	219	1028	400	1252	738	1151	150	94	933	35	1219	366	1216	116	275	716	698	761	120	201	826	845	236	217	691	409	10	418	52	267	408	1013	77	594	1164	723	742	416	
314	185	208	791	474	740	55	193	522	656	731	215	184	7	229	163	174	326	
315	68	1083	734	285	173	530	212	288	987	21	672	57	706	169	97	
316	353	677	330	270	
317	647	268	281	403	1029	659	68	186	383	627	721	284	1119	696	76	283	13	236	63	711	254	400	380	306	55	402	863	707	48	187	762	84	178	355	
318	345	749	337	312	
319	1040	176	232	183	384	587	430	76	171	799	187	144	807	715	94	247	410	172	160	759	290	32	1	98	402	1156	551	273	1209	826	
320	498	461	192	613	862	941	286	484	29	31	223	190	493	198	132	427	650	193	1100	610	490	204	614	434	282	
321	317	655	653	91	215	1018	88	513	149	8	
322	202	1011	299	466	237	762	1049	171	214	267	78	712	14	932	332	327	21	
323	272	258	149	126	677	282	284	871	339	8	747	300	689	
324	1148	1410	505	27	235	516	655	541	503	524	113	182	187	442	529	481	104	108	553	1229	181	136	960	46	134	547	864	133	
325	563	495	232	427	196	172	549	662	135	21	645	398	160	63	614	656	182	226	789	492	444	446	612	153	49	527	719	647	518	236	52	3	264	140	653	450	173	
326	685	25	248	8	844	163	848	152	1096	1217	460	483	654	326	895	1055	202	217	810	284	418	1006	41	280	190	257	463	475	474	430	155	171	47	501	381	320	0	99	422	356	300	493	549	221	885	87	582	130	473	1069	335	254	168	630	1018	567	
327	281	312	226	450	707	30	143	1111	619	37	270	175	638	349	728	11	914	688	422	99	8	148	549	479	97	581	55	236	229	280	322	222	126	132	426	131	635	217	983	158	1020	71	84	938	54	1312	605	382	822	558	741	594	285	626	1216	567	
328	146	193	6	1010	180	197	126	285	302	136	196	173	97	
329	230	134	27	208	553	176	1027	120	569	548	98	50	57	104	46	472	69	204	117	76	422	65	66	1034	402	276	214	426	236	
330	63	174	1016	453	505	220	633	957	197	177	0	57	30	513	
331	146	826	927	627	172	470	618	254	234	654	565	545	567	105	121	124	97	977	117	832	221	930	52	225	405	229	236	683	81	659	840	331	404	681	217	72	
332	293	152	482	126	179	
333	520	304	493	484	460	683	1410	264	898	287	169	935	171	126	163	706	524	133	181	21	247	1013	19	58	345	131	1005	81	8	217	921	607	227	226	418	237	1201	901	124	528	167	1240	323	27	885	1047	557	337	98	90	949	656	282	212	886	435	548	170	7	930	968	448	223	99	745	1206	
334	257	270	341	321	
335	925	40	99	289	110	231	62	731	998	89	172	275	281	450	32	104	366	293	570	49	1078	733	578	745	272	858	
336	519	66	370	741	226	635	
337	603	212	483	285	513	78	55	274	487	169	482	51	195	434	1123	
338	240	8	677	52	1109	613	232	193	93	588	484	855	55	66	635	87	275	446	507	6	213	1138	21	63	524	1112	395	138	215	1300	179	189	736	326	46	1152	230	90	734	29	631	402	643	249	10	473	221	116	1266	316	
339	945	210	173	0	427	171	422	49	
340	907	886	876	947	
341	297	222	653	143	248	142	25	124	3	196	557	132	254	131	843	1015	745	181	123	14	22	256	178	107	1013	420	10	190	865	583	974	133	319	1299	56	1165	691	128	152	516	
342	1066	156	64	195	41	19	409	123	207	1193	75	323	738	201	236	653	374	1106	714	43	163	21	613	656	216	264	472	228	316	929	457	273	186	78	424	275	477	356	332	1038	474	149	81	305	402	930	545	
343	189	221	6	814	495	202	123	508	236	214	1282	124	38	971	136	97	203	587	207	927	68	99	254	404	212	86	478	475	88	105	507	0	712	244	420	750	287	275	
344	708	284	736	195	332	43	1008	1073	683	364	292	312	865	124	411	650	355	90	324	735	1081	677	169	979	273	69	567	24	517	261	257	85	415	86	97	285	130	534	271	171	384	136	1022	723	220	80	
345	143	966	1024	239	950	10	225	71	357	88	57	32	217	393	726	1010	119	126	171	210	53	976	1187	545	116	830	301	91	514	779	362	321	1	577	258	231	1209	202	
346	131	925	691	176	275	385	21	167	420	251	225	1282	384	426	415	1034	402	239	279	684	805	1087	257	199	10	368	117	81	608	120	297	116	454	459	248	209	322	461	27	
347	275	1119	293	224	120	14	830	927	476	116	146	
348	411	9	124	545	287	19	458	695	
349	172	323	173	184	152	97	602	257	339	203	
350	325	894	1315	988	309	879	311	285	
351	233	652	215	301	272	567	171	174	
352	326	300	749	327	270	
353	1084	12	172	46	280	472	245	506	51	64	132	196	135	256	732	174	715	651	511	735	108	133	526	7	173	791	743	169	604	512	637	209	701	862	115	1465	514	479	895	427	605	1196	168	517	343	899	
354	259	305	681	241	359	
355	315	688	291	332	
356	743	236	303	454	125	741	818	150	819	475	244	122	234	282	149	
357	126	1523	637	1395	323	257	511	1158	
358	245	471	322	267	0	
359	302	236	68	522	954	99	24	653	95	193	473	285	747	192	133	82	49	301	198	221	
360	332	526	704	658	110	85	272	99	761	233	738	27	172	769	217	275	78	420	651	175	691	401	780	503	
361	311	335	747	299	327	
362	392	427	231	734	548	289	349	1018	70	152	163	95	590	652	404	66	740	447	681	88	383	1006	350	684	281	690	678	195	432	199	664	1100	287	183	1227	327	234	759	848	1012	216	651	558	428	170	270	402	316	225	180	186	1511	554	7	385	221	211	283	560	312	510	81	
363	686	293	874	324	
364	123	845	267	268	475	274	1136	257	907	288	314	
365	674	163	447	572	6	184	
366	55	759	442	566	560	558	175	49	6	562	178	
367	97	558	412	217	440	776	843	319	16	
368	49	334	889	345	
369	192	51	11	133	171	434	479	496	174	322	432	221	389	172	106	
370	442	176	68	430	495	173	126	654	434	174	
371	1272	446	324	184	182	291	163	261	594	43	272	325	695	
372	398	153	224	277	194	3	141	68	179	356	154	101	82	487	527	237	432	1086	945	174	624	180	63	714	87	268	402	567	389	647	213	403	229	193	528	88	169	19	168	183	171	196	431	708	391	162	
373	239	117	0	120	147	275	70	539	814	134	149	246	543	183	1276	824	290	221	845	160	411	180	405	567	650	1217	3	977	549	684	466	10	55	923	551	731	195	126	1093	150	594	28	155	475	742	627	11	805	823	49	931	16	317	309	
374	760	76	442	1072	572	
375	99	602	97	814	268	513	
376	193	218	267	315	99	322	
377	369	131	282	379	714	391	221	8	291	47	301	568	318	774	78	734	43	381	508	142	109	1073	741	575	708	229	409	634	194	526	39	51	925	175	226	274	395	723	978	90	548	587	1399	190	117	1133	1008	163	1057	116	85	664	72	93	46	1179	251	1046	237	442	264	1219	69	1090	730	217	446	449	574	929	182	225	398	743	219	
378	635	515	735	229	62	400	264	432	171	27	521	123	734	190	501	178	167	6	658	194	173	309	55	269	1074	700	673	446	238	285	299	630	390	184	401	380	163	97	283	
379	1167	169	769	176	844	528	171	482	59	175	60	565	339	133	151	669	432	442	728	1112	214	227	479	30	57	511	63	415	513	448	698	27	
380	119	417	131	524	606	76	492	646	513	1116	528	930	306	175	120	293	15	302	158	150	1399	431	138	1531	117	
381	121	1228	510	507	1380	513	474	182	506	176	
382	18	1062	123	196	735	136	356	344	487	320	463	202	512	656	
383	326	257	878	312	
384	185	339	428	1427	1494	46	873	921	209	1016	651	432	1069	1461	155	649	485	446	208	275	426	52	282	628	511	1064	197	442	45	17	652	429	944	99	1352	472	1109	1285	235	1448	499	567	479	233	704	726	1007	230	958	97	513	899	1498	501	159	223	
385	832	49	1015	514	
386	433	855	231	517	70	567	91	1013	185	557	673	1133	108	222	692	683	30	175	356	192	430	1010	276	587	160	422	846	409	167	844	45	189	380	285	579	1109	218	768	205	1017	319	204	495	952	52	247	580	789	68	82	115	267	134	650	41	1537	507	178	38	520	
387	257	681	0	258	679	52	293	199	99	236	
388	925	629	198	662	604	208	607	508	474	196	479	476	502	791	1203	429	68	154	762	755	1097	488	466	24	1118	274	89	1196	954	492	1049	602	698	552	180	27	567	22	300	383	422	1285	150	516	193	711	692	1113	498	655	428	517	417	520	
389	989	330	514	318	327	123	
390	771	25	181	193	96	57	49	290	299	479	321	506	590	434	124	509	179	420	677	923	377	212	55	489	
391	126	296	288	481	199	487	22	7	1141	872	169	871	318	247	128	512	325	113	301	10	168	271	
392	1094	1238	96	1434	1467	80	397	354	549	120	889	777	841	10	923	403	414	478	577	201	622	11	404	110	327	138	1196	1090	78	716	391	891	791	254	1178	49	455	537	203	526	682	830	635	671	704	624	995	1033	40	892	297	560	257	272	780	269	684	232	948	1184	409	741	239	575	754	137	410	1000	287	1167	1336	384	585	1182	395	651	442	495	773	125	539	448	312	242	98	143	1181	839	195	
393	0	55	160	228	404	978	120	539	596	127	217	116	293	182	417	183	385	32	76	78	548	741	180	772	540	664	719	172	1032	
394	471	96	364	63	341	749	738	171	117	327	99	
395	328	741	1398	1024	840	454	105	973	24	117	
396	357	651	473	483	590	687	1000	877	482	895	512	13	107	389	679	182	198	94	521	656	
397	609	152	581	46	602	483	493	398	509	704	587	709	196	734	99	226	653	836	731	201	283	184	428	204	124	446	126	603	601	3	180	157	0	654	
398	92	778	224	99	1073	98	780	767	1392	160	300	654	565	180	365	342	394	553	741	90	4	1230	968	228	94	331	174	68	762	632	540	264	172	11	272	1278	179	1059	30	400	78	143	28	418	65	195	322	411	63	432	823	214	464	1085	1136	398	1479	70	96	218	759	812	388	
399	894	327	287	312	
400	187	132	198	590	603	277	429	195	484	49	427	629	510	124	152	461	63	706	602	609	172	256	82	8	587	311	320	552	87	865	
401	180	115	509	478	234	409	470	14	256	454	227	747	126	
402	105	99	475	49	180	236	147	759	471	275	
403	244	300	65	342	1237	258	271	257	
404	718	939	47	1486	1193	785	963	517	463	366	703	698	395	211	518	212	1578	570	711	1555	1062	793	523	1573	349	1273	941	1544	1583	1508	432	1187	174	558	733	528	1407	1305	1229	1226	374	376	1259	779	1221	643	539	696	581	1534	175	68	40	27	876	536	400	1431	185	661	1436	769	1467	970	1358	199	521	738	786	1112	1041	648	651	554	1443	1089	946	1042	443	1043	430	524	752	126	592	623	399	1216	71	754	693	514	317	346	377	316	1437	238	307	1192	56	1052	226	995	770	658	516	385	81	728	390	42	214	1065	1478	638	620	922	650	1550	172	732	227	660	591	469	58	1183	53	730	625	76	954	437	1588	1517	1580	184	232	671	1098	386	192	70	176	562	510	
405	468	726	805	424	404	644	630	450	669	568	628	473	712	1125	944	156	671	195	1108	572	175	380	95	122	479	574	465	100	184	211	478	510	128	216	238	664	180	1201	525	210	227	611	29	1020	522	1146	601	57	167	660	520	356	491	564	149	142	442	23	3	183	1219	708	1152	212	1193	812	150	19	
406	1027	221	146	968	254	24	81	95	431	216	203	200	207	442	3	231	1187	992	568	67	948	370	225	66	218	230	188	142	738	133	711	658	88	248	446	70	234	69	160	754	44	929	143	7	287	
407	318	326	311	241	314	
408	889	646	537	209	503	497	194	1193	488	1392	185	480	29	170	152	513	342	99	519	320	663	199	660	167	922	427	98	465	206	994	203	675	59	58	1523	504	527	201	876	1294	
409	897	872	285	299	302	
410	27	221	257	731	78	317	228	719	1474	180	227	
411	356	479	633	80	210	134	174	650	149	153	
412	268	301	306	254	299	288	320	49	305	270	
413	324	885	257	301	747	
414	135	1523	482	479	
415	401	1151	651	814	1468	16	281	984	525	153	288	20	470	290	346	684	57	311	177	469	184	1090	1406	941	925	820	897	142	930	215	84	366	126	11	1263	940	431	368	186	247	1336	1425	419	306	462	331	749	355	447	761	66	392	8	309	318	92	1088	180	596	1011	104	606	841	395	199	345	93	1502	1036	41	253	933	294	403	68	240	929	42	873	157	384	782	549	415	475	299	63	559	716	7	654	514	780	212	534	954	202	217	
416	809	1134	72	578	1046	451	383	1231	122	894	121	99	595	55	722	822	170	826	26	799	684	761	768	1246	285	134	1118	854	325	1010	194	587	657	726	98	12	207	1035	256	745	1549	322	245	178	615	244	770	215	195	803	817	48	978	536	517	190	105	641	67	922	1056	14	171	427	100	402	654	471	757	46	484	166	795	
417	299	1312	343	300	
418	256	477	305	222	68	78	
419	492	287	115	13	282	172	474	
420	95	673	143	656	171	233	123	330	173	914	175	172	
421	257	200	1198	589	1006	324	150	180	447	221	249	136	474	233	325	294	772	332	669	
422	303	346	627	271	327	619	878	236	689	126	470	321	
423	687	24	299	49	242	257	309	8	
424	337	521	171	287	206	317	318	1128	184	173	288	1595	183	346	144	190	123	589	21	116	194	822	200	674	82	519	38	226	322	55	685	321	240	1433	1596	975	309	11	345	362	
425	632	523	656	198	616	847	190	647	97	207	135	426	654	99	131	605	480	609	524	193	
426	680	687	257	302	331	936	
427	891	885	753	351	304	339	1023	309	328	750	1312	
428	527	247	432	55	1019	1208	624	89	684	62	651	216	274	465	471	187	190	193	248	1112	10	384	206	1016	442	272	69	507	484	529	7	846	164	65	81	120	380	725	160	805	832	276	1417	44	386	699	370	506	97	760	1300	548	196	414	478	84	1038	3	221	468	208	163	481	30	440	708	480	426	116	27	63	777	91	704	72	558	71	228	217	317	80	364	
429	292	120	302	9	126	272	1374	18	655	435	522	627	317	
430	357	321	326	753	
431	619	236	281	826	14	245	23	117	116	257	221	314	
432	173	753	245	325	332	244	272	11	
433	973	814	1151	8	974	762	146	147	
434	626	402	124	1060	299	330	430	440	202	41	6	21	553	200	671	767	791	249	210	81	227	267	82	648	731	218	80	23	844	684	422	823	696	1290	326	927	454	104	561	759	433	185	3	135	1127	84	337	709	432	391	423	159	673	960	199	403	356	608	695	751	1267	833	257	928	158	431	381	100	224	221	184	52	657	383	176	
435	1060	71	745	346	422	380	784	985	126	793	545	714	101	277	580	1247	446	218	399	820	1488	468	97	326	868	89	37	692	648	
436	182	641	160	236	517	435	132	738	1035	286	185	78	842	117	285	960	237	650	1133	134	605	50	482	736	136	613	29	199	731	7	155	169	291	64	1205	41	696	196	212	280	1147	606	417	165	194	520	513	446	587	510	414	811	
437	844	20	280	300	180	281	
438	894	299	1047	99	272	241	
439	882	270	241	85	749	1037	328	461	735	750	
440	120	287	404	312	
441	230	312	41	217	152	737	1217	38	221	1	549	153	779	694	558	218	239	226	63	32	553	40	89	285	143	11	741	575	
442	308	38	306	257	
443	299	99	514	905	
444	86	236	1244	208	817	1527	409	92	27	248	117	688	545	1009	870	932	1533	271	1590	122	288	332	326	1015	8	404	244	
445	268	310	879	269	747	339	288	
446	69	581	741	4	21	30	152	596	10	1045	8	90	117	1008	507	1141	233	226	844	1131	16	251	217	759	473	49	865	
447	301	261	318	343	320	257	899	
448	136	212	336	458	290	752	514	701	543	59	116	58	117	309	747	
449	490	513	85	178	1046	503	416	0	1517	938	60	37	415	97	1211	1060	182	501	1134	789	173	113	81	1159	740	48	1221	132	1191	138	298	321	475	134	505	488	98	124	529	156	493	206	685	641	6	935	1285	331	66	587	398	761	304	70	1019	225	240	355	764	27	1260	903	24	1424	277	221	709	388	257	904	964	712	920	193	548	615	9	269	466	522	161	1029	220	215	691	613	306	707	167	381	618	251	1310	309	727	377	391	470	844	385	150	65	311	312	473	775	520	965	
450	456	1393	1025	748	876	1021	988	324	359	689	877	325	291	881	682	267	258	681	320	
451	944	268	78	13	51	85	24	171	264	69	70	215	455	101	142	7	275	173	244	968	126	384	87	500	526	660	855	1254	614	464	824	508	370	1426	6	516	491	873	170	522	683	
452	79	232	415	779	183	958	32	233	49	58	54	1169	157	213	789	683	155	226	692	66	156	962	257	236	420	1015	124	2	225	275	383	
453	567	489	55	95	878	983	403	10	173	1062	14	1453	495	464	610	168	519	285	198	317	745	214	641	288	326	1125	259	94	76	142	656	370	195	496	1104	233	426	478	7	68	384	731	486	49	227	739	470	
454	726	530	95	549	199	626	76	619	580	548	173	288	0	70	122	7	99	462	287	125	735	147	545	737	63	404	55	6	590	46	384	300	1173	297	715	175	454	
455	108	171	3	366	1217	607	918	402	237	32	478	195	1477	215	1018	11	13	96	659	581	431	184	823	954	71	707	98	217	504	97	709	230	448	1219	58	126	479	473	942	418	381	227	124	
456	144	147	242	596	251	237	189	410	154	553	19	707	87	117	69	13	754	191	452	133	422	1038	567	228	955	226	136	56	78	68	552	229	726	870	370	782	179	409	61	402	404	274	64	746	933	44	120	238	757	51	475	948	508	208	76	
457	151	47	180	288	968	703	979	286	512	55	179	955	68	761	277	275	99	513	193	287	1108	283	6	78	1260	332	545	653	8	386	143	482	528	468	602	178	
458	300	133	274	410	21	119	285	171	234	15	357	675	335	1039	18	219	110	865	931	147	215	49	992	
459	13	249	244	311	326	302	310	9	12	712	301	8	846	
460	320	254	284	312	
461	345	258	21	287	314	271	
462	592	595	1016	879	247	102	454	15	120	282	361	1283	474	242	812	234	224	273	270	252	287	1196	984	20	476	269	
463	247	291	298	708	514	287	332	306	292	327	
464	510	587	131	282	844	614	193	403	583	317	126	201	134	11	135	512	
465	127	384	240	23	907	81	683	6	225	356	567	293	681	120	61	171	16	181	116	517	
466	126	1141	180	1015	761	23	297	1010	
467	461	117	248	81	203	237	236	116	136	69	95	94	434	41	528	43	134	172	180	404	55	1011	245	431	8	371	1167	38	
468	604	510	285	482	483	609	509	126	
469	245	8	220	951	18	507	247	949	49	257	1066	
470	476	224	419	931	7	403	
471	400	48	354	681	228	263	422	795	929	67	565	122	78	194	195	372	1094	367	1109	1238	558	213	472	81	583	249	100	580	714	364	175	120	399	27	741	256	50	754	1001	1078	379	63	553	762	374	61	293	561	257	140	420	234	
472	272	9	1141	8	292	256	546	
473	10	603	21	99	189	97	186	417	652	221	433	169	648	182	1285	96	513	135	1015	529	660	485	198	481	467	654	342	69	510	548	207	938	583	847	606	140	197	684	728	55	698	695	1019	477	503	273	670	507	600	25	287	325	435	212	233	706	210	314	447	708	489	229	116	607	59	
474	346	258	49	312	
475	293	1035	383	69	93	1036	167	691	1187	185	764	943	209	578	65	998	
476	236	708	288	87	110	731	35	
477	160	590	742	16	236	64	47	41	237	1040	99	517	353	217	221	738	326	779	709	762	230	143	
478	247	184	914	120	186	132	646	227	534	1607	100	256	136	110	272	587	192	251	985	488	339	121	254	303	282	88	264	583	273	167	188	839	281	1038	234	509	203	210	287	527	
479	97	461	233	1120	202	189	660	503	248	55	99	184	
480	506	201	196	478	497	1088	203	392	1038	312	49	
481	293	294	345	49	880	
482	273	236	106	317	226	248	537	899	19	285	228	
483	194	21	247	160	274	314	225	384	68	88	149	14	69	180	777	185	72	210	471	70	3	559	120	152	264	203	201	
484	310	345	312	244	747	
485	934	2	285	1610	241	1588	545	935	458	14	19	257	1378	689	684	221	268	514	886	761	1609	830	1170	994	303	844	871	925	294	147	1225	619	546	881	5	116	507	
486	840	789	47	685	171	1015	540	70	688	954	596	124	819	48	346	731	549	49	52	430	135	203	16	1445	470	285	229	65	822	72	824	571	24	678	355	139	217	293	398	539	75	209	257	256	61	91	
487	82	321	7	322	202	153	95	677	327	215	189	222	654	479	706	632	510	78	519	186	661	526	133	285	356	161	723	81	492	879	
488	258	897	352	341	260	303	677	346	325	298	324	456	882	751	1264	1242	990	1279	686	354	293	
489	846	1127	546	0	992	245	272	116	23	1385	99	
490	123	11	257	272	683	492	
491	171	204	656	126	220	133	482	1146	198	96	284	
492	78	209	21	99	0	237	317	257	167	261	880	150	155	762	238	114	248	174	322	116	49	149	70	299	59	179	274	
493	747	99	120	14	506	497	236	106	706	
494	239	842	641	443	446	233	670	143	678	210	401	182	218	28	574	153	1132	199	85	1156	162	506	201	160	1	183	119	81	636	796	200	1206	228	664	434	575	49	402	156	572	171	422	
495	1228	93	482	167	525	425	553	420	228	267	67	87	97	560	1062	698	98	960	1040	416	37	86	558	108	432	
496	54	1239	381	230	66	509	624	366	184	293	1184	449	544	188	53	216	171	794	257	507	1046	239	863	96	548	61	724	390	287	236	140	70	943	225	166	24	789	691	549	383	18	163	796	770	683	167	500	551	596	621	720	182	32	155	176	
497	8	651	270	209	170	1421	250	886	921	630	31	63	422	76	521	49	339	932	182	171	217	13	530	442	478	473	133	60	185	
498	356	274	413	524	7	11	429	878	426	10	190	523	192	126	901	257	193	68	428	201	
499	929	639	410	285	369	251	297	173	420	30	280	530	327	60	1310	820	128	81	738	169	386	1047	508	203	761	698	1046	248	116	274	1314	121	324	6	995	401	471	76	1011	963	406	404	282	57	249	
500	220	677	596	247	978	627	273	843	543	545	323	921	1006	126	
501	260	262	878	342	357	293	258	
502	822	497	545	488	962	701	210	129	746	602	706	713	173	167	163	302	481	131	223	429	777	483	404	731	639	462	292	18	69	220	525	46	
503	1441	584	718	621	195	203	400	209	447	290	464	161	1089	120	526	217	306	370	131	244	971	715	8	83	89	210	1132	453	392	150	1029	698	207	1438	395	141	116	87	398	1045	65	478	545	69	138	728	630	71	1521	66	
504	53	70	401	583	227	203	306	258	182	988	173	76	434	331	139	124	180	565	647	101	186	691	
505	653	182	390	67	502	442	332	1406	134	606	1072	854	201	41	565	537	186	180	232	429	745	190	493	174	754	203	227	577	175	171	541	1088	1019	294	434	209	95	78	801	72	683	431	30	416	603	55	69	730	
506	146	891	257	681	825	251	537	305	677	1088	404	
507	68	435	229	209	210	422	316	217	90	526	207	199	114	513	51	473	194	
508	689	270	325	878	679	891	
509	1024	680	312	244	329	872	
510	907	894	1526	291	
511	55	190	285	257	
512	762	322	257	251	
513	171	242	420	268	189	708	96	207	94	152	23	897	30	384	179	430	110	63	647	134	201	214	679	168	156	745	271	227	366	432	404	155	21	747	210	1100	791	221	
514	327	258	537	1398	268	361	270	291	
515	285	356	522	430	
516	126	116	228	24	0	327	822	
517	117	279	299	122	6	762	1010	1078	1334	684	409	1016	543	545	
518	242	907	681	348	338	1616	1591	1237	679	
519	310	239	1027	892	
520	68	175	182	832	234	742	30	72	27	270	754	88	32	76	11	245	131	21	221	391	230	225	185	342	290	720	120	379	24	654	
521	178	542	199	491	47	191	
522	188	793	2	256	574	508	429	96	180	8	154	548	7	865	651	661	522	475	406	288	
523	897	68	283	577	1203	128	977	285	487	59	1106	173	192	606	611	1165	942	703	202	191	99	450	507	413	318	492	540	699	51	174	1128	208	130	605	894	516	422	548	258	448	65	614	603	466	648	5	572	268	930	214	483	795	149	75	131	1453	54	659	446	28	41	
524	236	410	596	105	299	287	150	256	1046	761	
525	935	312	281	345	122	327	299	675	276	271	124	242	341	
526	660	581	282	495	69	527	184	173	208	68	18	516	95	474	1108	478	602	206	422	128	190	201	207	176	645	182	639	
527	49	30	1253	747	293	484	167	309	522	184	
528	875	324	318	299	327	285	330	872	
529	55	236	254	175	190	194	318	486	213	
530	689	288	244	331	456	904	
531	505	981	531	1414	25	301	43	329	57	229	352	81	330	758	311	214	678	160	738	937	239	770	190	569	202	989	217	167	591	258	8	659	1135	530	363	839	366	351	7	602	204	1216	328	425	347	152	315	590	154	720	249	794	484	1209	
532	293	565	595	672	227	296	1000	410	392	626	57	192	125	355	99	370	503	650	3	1015	203	553	930	281	429	684	133	7	168	739	241	149	596	482	167	175	287	131	70	264	18	344	37	691	524	229	146	256	819	65	215	9	
533	147	755	762	545	1058	747	684	324	476	281	1326	1198	293	977	120	332	
534	55	268	954	420	922	847	1044	236	46	180	941	78	318	274	120	611	426	692	21	514	468	208	171	479	301	300	133	60	203	135	276	505	193	734	1135	204	29	58	1165	130	835	1123	181	
535	120	581	166	142	53	482	196	167	213	140	68	567	754	548	273	147	479	1117	1	500	227	171	131	404	407	706	87	492	560	135	51	707	
536	310	120	1444	462	429	302	132	205	135	516	781	257	420	300	75	648	962	31	283	456	149	130	207	509	186	740	289	413	989	517	474	978	427	777	522	194	468	314	181	1110	654	546	322	748	1072	487	469	613	425	1067	391	293	473	484	706	1007	921	171	142	126	552	697	320	510	193	529	749	732	346	949	403	493	687	230	178	29	672	495	128	674	458	769	761	627	518	689	12	444	652	844	936	345	1133	511	720	305	606	432	
537	495	384	711	173	116	30	955	422	171	317	526	11	27	180	198	57	
538	480	58	152	154	57	132	169	284	962	356	495	
539	293	49	454	12	24	256	322	8	332	244	740	474	
540	658	475	398	203	467	256	992	416	754	583	273	541	1441	1077	28	401	476	49	510	1184	109	417	375	180	542	1408	
541	57	149	626	624	683	208	647	41	62	317	1217	10	120	99	186	422	733	264	207	69	694	1060	587	40	93	239	89	
542	225	46	1415	117	60	22	409	302	366	159	97	164	795	734	714	217	69	442	215	236	12	791	577	390	830	81	301	3	731	173	238	528	116	662	1440	167	460	854	981	
543	326	309	270	299	342	748	
544	683	143	150	181	385	193	88	171	176	221	565	709	214	819	412	78	384	679	943	72	68	218	404	228	587	194	383	728	61	443	175	372	
545	759	257	348	671	249	285	859	270	815	976	199	
546	268	318	750	344	
547	1024	275	281	274	312	590	653	474	290	8	747	321	217	357	14	344	232	309	761	457	280	146	175	531	225	459	55	949	287	253	602	
548	150	126	180	287	99	
549	49	0	681	845	687	876	1088	124	
550	180	23	801	807	32	692	1043	911	943	204	432	755	404	695	226	70	353	185	747	1078	582	446	90	779	68	312	627	392	949	342	195	385	99	764	267	81	517	659	309	229	182	287	745	654	156	635	41	66	217	1	355	291	240	571	275	1010	459	750	1313	327	1418	345	575	149	333	131	
551	180	247	747	124	618	242	925	411	14	322	844	248	335	300	279	290	
552	606	237	306	602	513	608	189	518	21	169	477	558	1125	1450	479	1199	640	524	433	204	
553	404	530	1027	596	545	1283	201	66	525	244	81	214	120	677	227	76	190	865	42	731	171	769	
554	284	99	251	479	317	168	149	268	270	287	
555	706	317	169	603	301	323	495	242	
556	326	268	297	291	507	345	874	288	269	1243	
557	507	123	282	285	
558	314	514	686	69	194	186	258	201	527	21	68	501	143	260	549	
559	196	1404	221	256	280	477	479	653	495	1170	49	267	927	117	210	1159	422	514	234	283	
560	86	692	88	27	1169	213	175	491	422	522	210	208	61	677	691	920	638	159	736	70	495	416	810	55	941	614	650	179	272	1014	523	317	184	502	39	384	610	231	1017	90	709	1069	1219	804	140	158	14	500	446	361	1102	606	238	1266	714	257	513	924	154	651	1023	283	1034	370	196	1073	63	392	639	404	44	
561	196	482	476	203	0	132	356	160	72	65	500	549	719	147	
562	475	1034	49	402	366	691	
563	244	288	117	120	291	471	
564	651	9	381	514	854	1621	212	
565	383	377	81	154	30	288	214	95	391	958	227	212	418	384	510	479	191	10	762	1192	392	789	96	528	164	176	85	132	771	
566	151	123	55	606	108	581	251	339	503	603	126	1020	611	386	510	678	134	474	175	173	22	296	489	9	233	492	432	630	483	468	1018	
567	223	29	529	268	508	854	473	164	126	511	492	190	426	487	461	478	
568	275	332	280	684	125	320	1013	13	1196	507	457	825	24	267	
569	302	242	304	339	
570	173	483	1038	143	
571	12	123	221	276	
572	518	179	656	68	204	275	422	9	173	133	
573	895	1021	99	299	257	909	344	261	1312	
574	126	167	320	506	303	
575	236	275	55	677	6	274	209	
576	55	95	549	587	741	96	97	1041	3	1043	64	224	39	110	738	931	727	49	120	1270	150	172	215	530	306	594	734	825	406	409	84	470	560	227	364	124	828	
577	293	297	245	1097	
578	332	210	209	203	380	201	185	407	208	182	168	55	602	1073	
579	824	342	686	14	257	146	248	287	270	
580	1374	918	474	8	282	
581	92	747	180	236	759	830	312	24	257	123	6	327	
582	257	285	264	174	424	
583	81	312	160	248	
584	556	712	1484	18	29	918	274	735	312	969	633	970	211	739	82	164	
585	1089	378	184	233	938	202	199	239	66	147	568	55	75	68	163	227	396	789	287	664	187	558	927	185	27	21	218	1041	671	840	50	67	355	
586	318	303	915	242	314	304	331	886	320	346	341	315	681	307	352	747	877	885	267	
587	325	288	306	366	432	551	314	601	470	677	11	683	1179	427	780	731	238	624	401	657	49	93	143	21	577	20	968	81	933	746	281	1057	65	97	927	154	730	420	583	596	365	364	226	50	214	
588	337	257	306	309	750	689	332	270	
589	546	675	1060	545	285	753	1013	297	286	
590	24	93	321	513	193	46	210	195	305	579	486	78	708	71	922	855	
591	1013	984	343	432	290	1016	220	332	921	180	306	249	70	1141	293	951	468	143	275	21	147	223	747	876	819	532	288	426	454	214	122	171	681	96	177	178	331	751	191	546	962	78	314	325	55	466	729	234	150	557	530	182	173	272	242	54	169	292	1058	409	330	880	342	1622	357	256	94	688	195	323	1128	761	
592	192	723	65	8	116	152	698	552	10	761	87	25	416	163	158	814	475	312	844	237	608	632	68	590	156	658	273	160	722	300	236	
593	482	221	126	285	356	
594	1133	290	843	49	329	110	741	1141	128	272	596	274	471	293	409	323	921	2	543	
595	49	312	293	327	
596	282	224	762	0	476	14	126	110	
597	322	537	349	747	689	
598	872	287	1356	275	236	747	279	681	755	
599	88	561	209	650	549	28	173	1230	683	3	240	390	37	758	565	171	510	
600	819	153	742	155	507	86	97	386	172	948	762	131	283	171	405	99	1027	177	356	63	1295	324	190	38	240	670	1072	698	68	
601	256	537	299	49	303	
602	61	418	11	226	227	930	99	179	180	
603	442	4	163	440	126	
604	237	332	222	125	470	527	190	132	123	99	134	299	404	287	236	69	97	11	
605	131	418	384	426	68	187	185	143	272	434	224	126	420	88	78	67	925	55	110	476	6	677	745	167	1150	200	627	199	1279	193	182	1015	203	962	102	178	195	180	923	86	236	691	92	124	97	117	123	
606	854	706	528	211	274	486	481	
607	728	268	196	505	488	955	99	1280	788	130	8	165	63	689	181	885	331	57	135	442	161	864	694	326	605	282	468	184	548	741	21	189	
608	257	907	474	889	284	
609	605	65	49	270	287	134	488	426	484	418	94	96	672	194	6	
610	285	333	271	345	304	301	312	750	
611	476	321	6	99	236	
612	631	508	126	0	470	
613	755	1008	507	471	409	146	534	
614	212	518	96	99	426	21	682	191	630	305	71	520	987	643	293	174	526	207	434	169	
615	328	338	342	327	330	348	268	244	
616	97	634	564	669	428	636	435	773	422	344	610	854	572	412	131	581	1186	241	199	55	1020	
617	274	153	415	10	549	745	355	965	180	938	87	1062	131	525	581	632	403	496	23	1162	8	420	95	86	567	698	275	484	312	1031	54	0	470	96	659	142	24	201	1065	199	1467	381	506	
618	390	26	719	187	194	683	240	553	878	52	251	95	349	561	55	848	230	
619	7	98	419	559	144	322	236	741	1090	94	415	768	673	431	242	927	968	443	122	259	0	858	
620	3	160	275	134	27	431	120	782	734	720	750	122	392	81	332	789	49	1117	230	93	173	471	107	16	297	878	86	577	207	116	182	99	270	403	
621	173	21	124	213	117	45	49	27	1148	8	832	249	664	156	120	71	362	82	221	780	110	172	549	247	209	174	175	426	418	1407	227	384	976	217	471	736	195	225	567	167	158	87	212	933	363	
622	226	162	602	215	641	434	647	524	257	
623	268	533	320	1094	272	1046	814	327	1011	107	507	23	325	345	269	311	235	13	474	149	244	275	918	261	299	454	284	689	
624	1019	21	677	478	143	234	407	215	521	750	854	164	99	182	264	596	404	209	153	285	221	
625	747	287	329	269	291	271	
626	734	402	1134	192	6	176	232	173	25	156	214	401	549	955	229	519	21	85	938	147	76	470	161	16	590	1	430	317	689	848	698	122	522	567	75	552	
627	293	7	873	257	339	
628	143	190	257	1108	116	110	131	565	11	206	424	196	391	422	339	268	299	269	462	22	194	14	6	49	
629	894	974	844	215	322	495	190	931	411	11	731	251	299	476	0	257	534	814	741	238	549	
630	288	1526	872	333	
631	469	565	55	81	57	355	97	24	10	130	98	68	158	90	479	232	163	94	587	734	1182	175	608	
632	777	275	332	109	27	1045	158	525	251	44	316	
633	457	115	257	125	409	755	286	475	1010	322	675	312	301	92	49	863	932	281	330	128	324	404	123	121	543	933	124	
634	687	12	874	327	275	254	
635	9	120	0	759	
636	618	828	832	1373	288	120	543	743	830	126	716	933	150	284	1243	1027	273	1283	256	595	
637	226	49	97	187	513	237	182	193	409	522	514	174	635	
638	961	516	413	706	356	211	59	739	57	58	299	525	11	203	274	738	18	450	482	515	212	603	701	723	310	518	380	86	730	
639	918	683	777	731	356	662	345	826	1072	150	312	1015	303	769	185	67	750	353	63	11	230	
640	88	58	302	482	337	29	968	82	
641	1125	461	958	416	392	224	1038	28	925	596	584	1132	68	1284	171	417	794	1053	397	96	72	1335	1078	943	146	355	1424	172	422	152	293	540	558	132	219	37	399	1052	779	1077	627	754	580	578	209	376	52	57	95	39	471	842	20	1468	244	450	251	154	383	722	101	945	464	
642	654	65	22	483	196	167	366	287	4	261	500	31	180	233	52	272	113	1015	227	1	38	131	1064	779	228	202	49	507	41	427	69	186	204	161	392	208	10	628	27	254	515	
643	256	293	307	116	1024	290	987	325	
644	208	747	257	201	54	487	473	185	64	962	10	197	86	227	959	182	640	88	176	318	207	366	522	434	
645	892	322	353	894	327	879	303	
646	1013	327	72	196	1062	1046	78	356	135	173	87	
647	1028	297	474	199	193	412	124	203	93	411	249	434	144	470	398	809	62	117	49	172	248	367	903	405	225	65	762	482	66	442	428	0	221	176	747	390	929	562	691	293	168	372	568	560	433	446	110	78	553	210	677	678	602	1091	727	684	166	1027	996	
648	0	1243	146	23	
649	1059	560	575	205	271	505	704	1134	209	714	214	509	161	494	62	159	20	524	180	498	446	567	285	750	202	71	172	108	132	808	211	90	197	641	70	449	493	216	228	471	488	179	897	314	754	362	431	28	401	187	416	482	635	203	372	384	142	151	201	140	1214	402	
650	331	326	308	682	
651	332	698	306	244	
652	1206	1132	446	271	187	218	770	656	507	447	565	289	692	53	68	195	1205	120	41	718	410	736	54	80	212	745	184	627	454	299	789	584	526	685	6	525	491	293	401	87	1064	577	160	116	110	402	637	779	49	285	755	186	1131	1230	162	673	
653	94	55	214	475	507	299	369	719	209	27	115	277	844	274	264	268	430	784	281	10	168	417	221	150	96	69	13	283	86	
654	1102	377	1169	1098	683	1085	143	684	422	895	765	1066	223	478	830	1136	1110	43	6	54	1207	542	1197	934	211	1577	358	899	296	177	126	534	254	44	255	124	726	4	1647	1004	708	1225	236	730	715	672	95	287	799	513	166	189	630	192	1143	546	212	1100	304	300	965	5	675	1399	1011	233	47	1254	392	149	461	1472	1548	1637	305	918	1139	590	1444	1417	788	1643	639	1089	302	785	116	1194	155	504	53	27	92	474	961	732	1461	1379	450	48	468	7	208	371	18	1133	641	220	1632	824	920	247	1070	299	739	671	734	384	1192	714	1377	864	911	888	1639	707	519	288	1420	1210	1220	763	344	1175	1073	63	479	
655	346	244	902	749	
656	1008	301	627	268	507	
657	54	168	959	6	31	918	49	150	432	466	771	729	843	272	
658	707	498	256	240	605	491	174	520	485	194	761	195	656	506	209	610	78	497	312	85	836	738	704	1266	316	126	1020	450	120	42	182	511	318	504	941	1202	386	210	
659	62	37	448	176	96	210	522	122	160	229	422	20	770	95	785	482	90	2	824	1073	226	844	119	889	293	461	158	1019	280	138	178	79	201	83	384	434	196	402	825	183	401	181	215	55	
660	675	303	68	614	254	407	0	57	356	299	69	195	435	1044	271	134	116	565	63	51	178	199	312	179	
661	1651	274	275	267	
662	88	741	684	306	280	55	923	409	1047	10	332	322	410	172	508	520	1118	1058	271	843	186	681	587	924	507	350	747	762	182	740	1326	
663	731	285	301	221	602	318	734	769	133	195	161	214	503	430	151	168	495	185	76	1100	648	714	654	193	126	6	181	527	0	202	316	208	656	
664	416	96	472	431	659	368	865	104	99	193	314	184	108	698	300	925	116	171	142	422	417	741	49	264	482	297	155	292	
665	185	317	683	237	236	495	830	959	301	955	655	128	105	1169	292	804	504	142	244	1473	483	80	1020	493	27	167	637	290	285	209	215	6	962	110	222	263	24	181	435	923	184	174	45	513	1153	233	529	95	287	
666	237	659	97	486	267	284	271	526	233	
667	346	230	553	209	257	301	595	68	287	
668	530	168	193	22	514	489	182	270	299	346	507	96	521	257	289	267	325	256	173	479	
669	97	514	484	610	649	520	473	14	194	
670	256	61	627	1214	233	1221	863	81	3	404	769	384	21	143	1490	1108	747	254	837	590	264	297	171	272	
671	1027	180	280	514	863	
672	285	527	293	309	267	326	11	
673	14	826	120	116	0	1619	684	291	
674	346	890	271	1100	462	1006	
675	351	221	244	537	961	299	293	257	301	171	99	180	747	1482	294	
676	6	221	907	470	404	357	321	108	128	
677	13	275	0	299	24	
678	69	7	587	726	709	326	110	285	27	321	526	142	
679	247	284	49	19	23	194	116	
680	309	681	291	538	
681	257	242	203	297	72	737	150	618	75	97	281	64	290	1230	517	52	411	108	81	718	283	761	61	86	696	751	923	173	253	943	239	475	124	63	572	569	149	68	720	1409	400	1654	808	442	580	322	47	432	55	921	404	20	466	316	1010	82	156	95	624	1083	180	84	249	3	1310	273	773	695	719	41	650	142	350	1090	707	716	803	760	596	
682	131	331	339	312	1279	21	301	306	346	510	894	327	126	271	302	
683	66	116	933	394	408	1300	237	385	207	87	65	48	755	49	82	146	273	
684	336	301	298	326	
685	49	25	527	175	208	466	356	434	526	181	204	173	10	968	
686	320	878	339	323	
687	753	287	876	306	
688	124	294	180	6	257	110	272	
689	1272	147	78	738	222	46	79	779	236	215	210	202	395	157	356	442	207	231	434	648	992	65	293	
690	671	7	49	771	97	293	
691	210	55	99	207	755	1053	1039	410	
692	27	505	191	68	648	741	734	227	653	134	526	142	707	506	683	133	49	87	482	1231	116	1144	221	491	401	519	129	156	143	498	
693	520	194	483	215	498	210	1454	177	467	659	672	130	202	195	479	660	22	518	482	236	187	355	229	644	1262	1202	30	204	1049	156	704	
694	310	241	357	337	902	259	677	
695	1125	8	233	304	343	
696	300	221	753	988	455	472	8	878	1244	251	256	272	368	875	126	332	276	180	124	747	324	
697	434	221	1148	987	356	482	490	257	1020	525	134	1019	95	510	489	329	512	256	120	524	167	967	27	655	213	
698	474	824	267	982	590	455	221	120	522	22	1010	928	984	877	150	869	759	1327	595	1027	223	94	126	15	1142	1162	716	219	1059	
699	72	201	168	530	
700	296	18	327	299	0	49	
701	342	349	750	270	351	747	
702	122	293	299	595	763	126	1196	292	992	
703	380	210	603	288	155	209	49	505	491	213	431	656	522	610	661	68	605	888	
704	626	61	251	825	224	28	142	545	98	1543	470	194	399	227	94	57	214	372	160	281	228	392	
705	272	124	0	681	287	
706	901	478	199	1006	219	637	312	424	952	485	1400	442	1250	3	448	695	532	1141	318	528	646	7	381	1173	505	487	110	714	482	173	115	863	293	489	647	69	935	380	707	497	1396	5	879	1020	1100	237	152	
707	404	221	739	747	120	1048	1053	879	116	1039	303	282	1060	299	20	456	283	180	325	411	925	
708	560	567	635	737	181	225	216	163	3	28	64	1187	26	4	199	859	540	469	171	78	0	402	545	281	563	117	549	
709	181	478	418	750	317	333	509	329	184	345	719	339	155	98	203	22	115	
710	407	415	650	743	541	120	1517	377	216	683	957	661	761	48	21	844	432	1118	202	199	169	703	401	317	203	726	254	380	76	166	1117	7	581	57	88	565	567	154	256	312	403	379	47	90	
711	139	431	190	541	233	72	494	731	414	995	767	940	420	87	733	945	209	98	237	795	400	775	1118	954	1468	25	721	661	1177	377	968	39	
712	881	1433	1655	1126	344	326	
713	2	471	275	180	120	116	257	923	
714	86	474	63	251	760	691	221	432	89	16	0	283	201	247	479	72	657	127	160	32	52	469	91	731	297	107	84	1187	120	954	366	121	272	
715	621	283	94	444	1049	484	156	30	104	57	110	739	299	140	520	97	955	1112	247	292	171	233	27	822	472	162	411	384	672	209	191	1202	518	78	226	493	490	132	179	482	470	281	120	519	558	865	658	706	695	691	174	72	380	
716	330	677	845	279	120	24	239	471	627	475	1136	747	290	830	288	312	298	245	
717	288	404	974	840	830	256	741	
718	292	455	377	889	214	317	213	391	356	120	426	222	658	
719	312	346	267	310	886	320	
720	299	156	405	144	322	381	734	263	305	21	244	110	326	64	261	872	178	260	283	1025	719	1220	330	323	236	714	738	422	1294	1392	301	873	193	
721	120	147	404	545	146	299	99	6	
722	190	149	257	136	
723	301	287	988	304	947	335	342	267	1233	268	1061	749	1104	875	871	872	897	
724	285	320	99	257	878	
725	832	408	1013	248	
726	238	439	245	446	537	28	209	120	626	759	194	229	206	71	94	1272	1048	256	418	596	175	42	24	541	237	231	509	1302	764	608	549	131	89	366	423	127	454	1614	355	23	69	939	185	422	124	584	130	234	270	932	800	383	471	230	678	11	38	88	384	365	433	82	1024	32	
727	115	236	1354	747	870	
728	293	682	689	332	
729	268	267	293	108	326	6	299	
730	1268	426	55	195	191	526	610	483	182	844	215	493	152	189	236	194	
731	268	293	689	287	
732	287	296	297	6	146	932	136	219	129	1374	921	282	124	145	115	1022	739	1113	149	220	1131	
733	27	173	143	820	486	98	603	82	281	704	750	495	
734	125	268	49	274	244	740	126	332	8	276	
735	1277	285	295	247	
736	179	57	356	31	10	126	
737	0	180	968	215	87	179	422	99	97	239	202	163	150	117	134	96	227	925	90	205	268	63	62	234	195	210	108	251	178	
738	332	525	300	97	95	1430	131	
739	301	327	257	288	
740	1015	280	650	78	173	477	240	681	1073	66	179	282	312	698	30	68	87	450	944	195	
741	474	257	116	590	221	
742	223	321	221	297	337	287	288	
743	602	656	481	427	627	
744	221	7	123	935	63	206	491	182	180	922	9	284	
745	207	454	201	402	264	567	7	384	143	545	280	63	81	
746	63	326	314	507	356	417	1040	230	694	603	734	503	1658	624	261	285	1097	268	287	518	442	291	131	506	557	1133	72	1066	27	528	68	841	810	178	332	1002	366	57	25	948	480	403	491	97	844	87	90	791	607	7	126	590	495	93	984	496	407	198	
747	654	327	134	88	207	132	181	649	215	318	257	227	226	587	172	677	846	142	196	494	68	
748	1033	403	153	447	65	400	734	634	1087	139	93	575	427	379	985	79	434	97	184	238	71	495	166	207	279	471	418	820	509	392	143	134	117	131	398	195	397	615	175	497	357	8	483	292	929	87	178	213	933	658	214	204	183	144	840	404	520	179	126	160	844	
749	880	300	885	244	293	357	
750	100	20	167	734	483	401	944	558	193	658	418	480	69	651	141	485	496	0	88	738	49	209	55	95	256	331	93	61	1660	237	180	404	273	
751	751	1023	309	304	321	901	903	270	257	345	350	1278	326	682	
752	173	299	321	327	179	358	271	182	503	88	95	
753	290	116	741	675	236	458	
754	257	871	879	318	687	244	878	
755	567	134	752	194	431	244	121	146	2	322	110	419	70	65	859	273	96	54	274	21	288	
756	824	202	227	469	247	637	264	160	454	684	432	1034	826	128	234	173	422	81	23	357	287	90	28	226	448	657	57	664	171	1013	770	221	553	
757	291	128	1038	13	124	203	281	63	1243	97	566	1134	1282	921	138	686	581	434	80	212	688	651	826	337	288	292	115	507	116	211	194	615	684	1024	236	136	480	24	967	269	426	404	349	92	419	257	289	430	545	107	410	61	261	226	37	217	339	656	301	653	1046	1015	440	151	504	633	894	1291	238	146	840	
758	274	322	983	23	297	116	
759	299	257	1134	110	374	119	630	215	
760	242	1286	476	49	741	357	8	146	475	687	122	470	287	
761	285	245	331	255	
762	316	506	211	381	126	4	3	21	587	282	72	701	736	285	1064	356	417	468	509	173	460	497	150	702	27	
763	236	1056	431	105	672	226	279	275	110	692	3	1	116	293	221	20	190	173	1045	70	283	
764	970	274	285	13	
765	197	229	134	502	191	526	525	658	97	185	522	135	81	94	160	497	435	395	483	603	605	98	402	1297	601	711	366	377	392	177	647	422	434	175	632	
766	299	179	241	186	176	221	656	
767	281	814	221	244	299	8	13	331	110	825	247	743	
768	234	472	1092	12	236	
769	110	357	545	595	409	99	741	936	507	874	301	288	
770	215	172	250	992	85	14	136	242	495	188	767	0	312	70	
771	331	343	751	322	327	299	
772	1528	356	197	454	230	918	215	263	474	1251	729	211	239	88	184	587	567	108	126	28	431	1187	638	71	151	939	97	152	886	407	402	1554	
773	552	450	71	575	691	409	447	522	3	517	683	536	204	22	731	711	185	317	1015	514	299	400	509	566	833	411	202	648	422	364	519	213	596	225	1090	451	78	181	545	214	180	76	253	134	
774	328	244	346	269	342	
775	193	233	443	617	705	660	195	275	237	548	473	133	218	240	4	437	217	216	666	550	108	
776	8	285	526	356	689	287	156	
777	366	245	628	215	97	264	754	173	41	203	153	233	6	
778	224	110	595	234	1027	117	878	
779	293	495	299	510	432	603	656	78	27	661	704	
780	287	244	257	49	179	63	293	96	
781	1215	884	1404	887	1527	535	886	679	1081	309	877	1243	325	292	1597	1651	324	301	296	1251	680	1667	1386	246	1255	1381	260	935	878	49	1609	1512	947	244	249	1382	330	1301	255	1537	298	349	270	297	1643	293	
782	332	329	333	327	268	298	
783	333	314	298	309	312	677	326	
784	167	293	300	182	272	
785	275	69	731	683	85	221	190	483	110	415	233	702	279	274	173	707	8	98	870	285	116	201	6	
786	897	346	689	347	285	750	1670	358	905	680	258	
787	1182	173	581	283	1458	552	435	401	390	545	1406	0	1247	656	317	560	626	163	288	590	695	182	553	1302	42	780	203	497	43	522	214	10	692	81	982	645	1125	174	398	446	561	290	585	227	657	539	50	88	635	
788	92	1011	0	128	590	275	
789	664	116	762	571	214	239	327	258	183	273	287	721	1062	1229	569	14	659	248	9	940	212	231	775	281	1182	297	754	939	357	686	12	948	79	201	138	226	230	747	173	400	567	221	474	383	761	401	
790	303	299	287	326	298	
791	12	20	1131	14	925	475	281	110	124	
792	695	0	149	128	147	281	2	275	405	121	99	
793	256	1250	13	846	223	248	514	
794	104	256	190	715	741	738	819	1100	117	201	20	49	545	167	6	61	925	172	151	635	654	657	0	770	16	1094	576	180	476	149	200	
795	723	1	727	94	433	274	384	32	225	167	778	563	315	549	715	193	825	418	1056	614	430	659	1031	878	126	541	312	247	590	793	565	515	760	202	426	716	153	7	1073	88	775	596	524	577	143	300	1100	217	509	282	796	466	232	731	268	297	76	96	529	780	320	848	212	1048	151	487	226	575	48	1040	172	
796	1253	242	306	780	987	
797	1248	195	392	366	929	735	818	280	80	190	398	93	820	196	755	416	1281	1138	173	62	693	689	960	800	1163	65	767	475	86	1048	931	824	273	950	417	120	939	442	203	575	706	364	87	230	89	1508	1283	
798	318	173	320	172	
799	404	221	750	303	291	
800	889	306	300	312	301	
801	439	671	199	193	768	444	55	325	257	332	668	566	1024	357	395	
802	241	304	258	270	260	303	
803	1227	362	1059	256	107	553	424	160	287	433	494	754	95	623	163	197	210	628	656	24	54	624	357	947	1024	322	291	443	158	558	27	180	707	1284	138	442	1027	1015	413	94	179	674	455	430	719	1243	528	372	575	661	663	472	545	150	249	503	264	473	377	983	770	119	61	1410	731	10	
804	548	4	175	320	21	540	99	213	760	536	663	419	432	174	526	401	1064	39	471	747	81	553	476	545	830	270	215	581	738	805	395	356	97	0	1016	402	1032	587	247	1109	958	168	273	431	67	1001	714	370	337	258	1148	222	435	98	
805	689	81	239	191	116	287	97	342	404	317	1513	199	186	89	142	627	69	208	402	180	323	0	80	110	704	1017	520	922	
806	1614	430	525	553	171	138	434	449	167	134	253	150	929	173	595	526	407	502	541	0	1482	426	742	180	596	1408	172	472	626	1273	98	750	967	198	504	418	372	135	747	95	
807	326	750	874	299	
808	312	318	677	327	
809	332	875	337	325	880	
810	291	320	242	987	
811	293	288	301	287	
812	892	897	299	306	891	
813	200	412	447	99	233	558	184	
814	478	131	664	390	178	602	992	658	256	167	527	520	213	181	1	180	162	76	97	630	612	583	500	514	0	249	257	317	94	221	264	68	526	402	683	513	
815	342	330	348	299	689	
816	0	257	328	14	404	327	128	
817	311	257	911	270	
818	380	285	339	254	257	
819	342	315	263	288	
820	70	125	99	117	94	150	472	992	160	458	116	283	
821	357	332	0	271	1239	
822	639	373	163	76	214	865	238	153	179	217	424	192	233	791	126	169	47	237	516	91	185	272	228	100	154	513	281	685	650	720	181	502	239	746	51	232	21	
823	267	321	686	322	
824	1033	249	1027	741	930	49	543	129	454	1015	247	1116	288	686	105	147	747	565	322	362	455	384	1162	870	405	256	251	826	514	
825	1230	342	3	500	49	32	230	81	419	308	173	1408	38	509	175	209	101	650	448	227	126	587	186	
826	244	288	293	747	312	
827	189	1195	321	1596	885	315	461	59	530	287	1645	197	285	752	301	1004	511	639	959	223	
828	474	732	1119	19	283	85	115	152	169	508	256	581	
829	0	70	180	133	173	691	97	14	650	647	150	94	1	204	228	510	240	549	225	819	98	
830	236	741	287	172	269	306	327	297	27	30	196	346	740	293	
831	325	287	321	875	747	
832	448	134	402	1426	662	478	204	150	431	181	233	187	1117	54	939	830	1005	31	517	201	196	29	49	557	487	683	635	222	4	433	155	918	663	1180	444	117	430	427	432	12	572	507	319	55	346	176	859	57	127	126	473	343	156	
833	14	257	299	297	306	8	543	750	342	126	
834	605	203	97	587	293	193	426	131	632	353	420	24	196	542	684	186	0	653	504	1044	
835	1064	186	209	287	418	191	55	428	259	522	
836	1008	739	274	283	933	288	124	277	15	
837	180	174	11	282	172	704	92	0	113	310	133	7	712	70	496	227	209	168	
838	284	0	865	285	507	116	105	291	126	474	949	
839	233	512	935	649	477	164	1265	185	511	82	80	63	513	606	581	181	520	209	653	196	65	495	638	356	615	133	506	610	1638	99	528	844	429	167	674	854	442	608	527	
840	750	343	357	257	322	269	
841	343	753	1394	257	314	
842	100	631	550	562	229	78	654	249	194	415	451	169	195	472	175	634	671	527	297	98	120	510	738	449	678	674	144	152	173	218	653	182	707	217	153	1479	439	141	418	55	
843	21	88	945	254	49	317	23	420	402	587	240	82	777	299	55	1473	
844	750	312	908	310	1021	301	
845	484	198	45	629	1438	574	641	526	87	185	192	785	55	691	656	95	548	414	395	30	139	211	483	523	632	448	81	90	381	25	1266	65	1167	494	96	186	440	510	788	479	167	97	1123	172	1073	400	187	577	529	1109	3	429	603	848	478	138	1132	587	43	293	226	1	89	46	553	493	585	519	1310	801	171	59	189	209	403	482	722	496	356	57	786	
846	316	215	119	6	55	1166	1011	182	927	684	194	163	224	46	366	416	1171	92	184	704	479	288	1030	70	140	500	715	233	218	
847	526	581	609	150	68	356	233	654	482	237	495	264	131	518	430	153	163	511	96	201	475	484	707	140	434	688	64	483	522	208	
848	120	132	587	624	
849	227	518	21	495	209	489	203	49	97	583	
850	237	337	865	530	263	1336	297	1142	823	78	249	233	302	260	294	1279	1050	590	543	181	192	325	203	1539	880	827	1275	331	345	251	563	1290	680	455	684	298	7	351	1104	878	914	
851	49	929	116	1051	404	288	407	249	273	
852	306	244	300	299	303	339	326	257	
853	486	814	290	474	267	272	454	131	927	234	317	481	590	510	332	222	323	712	755	478	133	1060	224	596	615	270	86	404	1012	55	923	122	511	839	236	327	269	602	527	187	254	7	288	
854	474	918	169	282	
855	325	271	288	327	322	
856	293	257	18	987	
857	326	333	688	180	
858	1013	1007	312	281	117	475	474	
859	268	152	338	309	55	513	48	1060	711	282	310	201	331	899	
860	178	212	241	380	85	9	936	169	
861	120	55	259	736	21	434	80	1108	172	58	406	229	766	819	116	656	11	504	490	981	473	478	435	173	788	976	497	146	186	194	567	104	1092	
862	1679	354	332	298	269	291	897	331	753	750	305	315	748	1433	261	338	314	348	302	293	875	
863	49	227	182	101	14	418	407	565	508	171	662	327	530	167	1445	208	234	317	398	767	30	793	402	624	132	289	97	691	332	348	471	163	715	231	3	215	684	558	385	891	160	236	122	108	201	7	207	293	741	199	692	92	229	562	37	72	1227	21	
864	117	474	110	470	918	844	471	500	846	94	168	1239	928	
865	899	888	302	343	
866	528	689	78	88	221	209	1038	206	510	275	6	134	482	422	131	203	202	317	174	
867	205	782	1036	159	81	138	144	49	1187	203	567	200	120	186	177	921	153	217	166	232	416	428	190	418	630	11	267	1239	158	645	66	233	587	657	185	566	272	580	1075	67	684	
868	475	514	286	297	252	49	150	275	14	
869	1045	332	178	252	46	314	662	658	400	855	503	30	645	656	502	57	243	301	519	54	938	184	1089	37	254	474	201	646	801	791	578	731	553	0	202	68	197	52	366	432	210	420	468	1007	95	377	179	654	1117	267	944	16	215	
870	241	1433	894	173	509	346	269	171	10	314	91	903	257	325	189	351	793	882	750	946	906	1430	1196	
871	924	1164	105	120	289	747	257	362	333	1027	327	1283	545	684	
872	293	257	357	874	
873	196	149	190	356	288	13	
874	420	55	168	805	602	460	651	267	27	752	212	936	331	44	70	479	417	
875	526	434	21	173	
876	257	691	381	747	196	78	661	339	269	306	738	299	58	920	537	221	
877	126	698	497	738	169	171	654	534	273	196	548	135	178	151	401	1064	214	514	98	215	99	19	56	173	516	164	
878	180	120	126	275	254	
879	863	283	242	460	98	368	400	622	179	356	844	583	1048	178	281	287	1196	1445	116	127	328	253	27	999	434	450	1414	545	341	393	2	63	455	301	507	576	792	578	391	199	1243	380	0	7	1058	293	28	741	1012	225	317	30	768	677	201	61	1043	119	382	226	185	346	108	1015	475	584	11	248	760	181	117	650	299	
880	863	78	654	567	204	446	391	731	402	10	794	482	93	830	203	30	473	684	62	190	242	226	193	256	131	71	503	464	180	63	293	767	68	224	208	1214	434	20	192	455	13	49	471	356	419	128	514	1163	173	408	587	
881	55	190	78	204	116	283	615	210	185	545	175	214	418	97	368	1443	274	224	514	215	130	132	85	221	454	20	242	
882	284	1461	692	1591	12	282	1114	1073	463	558	69	793	413	777	664	518	314	366	901	249	21	383	89	454	1403	384	655	78	1170	0	182	46	270	223	315	731	548	429	511	395	240	1130	255	784	899	203	173	301	123	23	921	503	804	
883	126	508	85	637	462	1008	164	528	
884	475	416	168	1220	289	110	583	401	581	81	236	277	180	1310	94	141	96	422	587	865	
885	167	3	1323	549	1169	474	27	94	654	720	380	78	239	1064	1434	760	630	117	194	155	384	918	178	146	511	75	317	80	64	32	67	395	19	41	203	1018	466	0	789	434	179	4	195	366	143	465	237	264	
886	150	141	1119	24	293	94	239	273	186	6	1062	827	595	933	117	205	471	500	224	410	418	55	698	420	194	288	547	139	1282	1495	870	253	142	46	
887	201	190	279	68	
888	93	99	7	30	654	210	222	211	190	1266	179	158	216	954	518	470	128	57	21	154	422	198	511	1169	201	561	301	152	868	149	69	979	496	193	1112	2	317	163	468	186	281	245	398	575	1230	677	565	153	85	191	1073	651	1238	206	264	160	8	88	1021	761	508	72	512	817	1217	
889	434	162	513	173	135	738	631	152	588	446	402	185	264	656	515	403	233	662	674	88	133	84	227	
890	1039	110	932	404	147	1027	24	14	125	
891	1223	780	70	236	567	683	658	731	379	226	581	624	728	86	174	356	78	476	117	422	80	195	0	191	764	150	1453	1090	486	116	130	495	109	440	207	299	131	612	707	670	1284	417	704	577	49	
892	146	263	530	1244	404	124	409	1011	723	814	160	
893	19	256	908	882	1037	1152	44	212	637	470	876	189	116	301	326	24	1591	13	289	1079	327	164	283	1015	291	581	750	112	322	557	862	751	259	325	844	254	146	267	292	887	282	8	1047	296	884	310	243	932	248	
894	741	282	12	274	
895	481	175	230	197	135	78	402	81	88	0	198	684	41	410	741	140	281	496	82	280	886	211	424	199	646	53	70	729	712	565	10	479	1239	209	1003	1436	673	965	385	801	67	1100	52	226	704	228	190	7	548	454	503	153	764	274	683	256	631	317	720	244	477	384	596	678	120	24	6	835	657	383	236	429	
896	388	408	131	469	21	193	116	75	140	525	401	608	134	272	650	213	704	49	500	119	185	78	716	848	659	10	227	925	497	442	175	1218	495	182	139	22	735	
897	285	311	314	308	327	747	
898	95	175	434	745	68	693	739	366	264	290	282	110	221	143	497	176	7	213	124	426	545	24	97	565	413	602	172	
899	120	135	99	204	30	1131	601	479	182	
900	928	1642	738	1046	408	203	81	1119	565	65	236	209	228	422	167	258	27	179	931	116	1604	274	390	227	
901	514	180	86	293	753	482	274	186	294	
902	271	627	191	1047	1072	237	648	420	478	239	45	301	222	3	202	819	117	187	55	527	442	47	695	317	110	466	104	
903	89	708	793	236	450	780	1040	279	180	
904	299	1010	741	327	332	312	872	474	
905	741	14	990	123	627	8	283	474	
906	276	1219	987	259	274	1243	290	41	122	1156	619	49	171	339	257	685	289	595	150	201	97	0	128	142	365	814	224	110	236	
907	146	662	477	487	656	731	204	647	68	287	191	203	590	46	
908	338	291	581	285	165	
909	133	97	627	0	181	747	55	306	11	297	23	272	
910	478	481	153	215	624	477	207	150	88	189	209	196	658	637	192	434	626	495	142	
911	473	245	317	131	96	237	615	184	13	422	
912	317	342	655	63	14	612	431	7	422	268	740	97	3	287	116	529	142	6	301	429	477	427	175	11	788	417	
913	780	723	1354	215	
914	287	301	314	344	299	
915	720	567	471	677	248	427	577	696	805	89	216	824	755	171	70	181	384	178	1108	1010	942	703	136	231	175	1334	162	120	69	707	279	189	84	167	791	122	275	270	823	762	536	678	1219	280	294	13	251	1118	1009	482	52	156	1681	317	134	218	386	1193	947	474	54	116	182	
916	99	878	286	695	288	590	245	
917	1199	27	81	41	1194	736	274	605	68	1264	82	964	418	429	152	167	516	994	658	130	
918	507	318	874	299	786	731	659	476	418	877	294	269	192	325	201	327	793	818	283	716	249	285	200	0	139	1133	27	1513	245	411	534	1072	84	708	886	252	1118	21	346	740	405	320	110	
919	327	287	309	301	331	
920	239	193	1059	421	399	172	283	226	1286	312	244	368	221	171	322	275	537	923	287	227	49	691	
921	417	214	211	182	575	218	448	1034	199	121	257	68	228	55	234	394	215	264	270	561	745	190	61	154	402	
922	337	927	332	688	2	321	104	1027	762	281	294	1000	306	339	
923	407	227	126	526	177	152	30	503	312	525	518	522	210	215	204	1035	
924	259	217	326	772	671	558	
925	261	320	287	312	
926	1177	110	411	239	570	0	93	404	209	1088	227	448	216	104	98	774	755	157	6	767	408	40	1015	229	
927	275	287	875	877	186	134	
928	653	520	208	479	418	173	275	428	88	
929	534	147	282	173	112	105	175	708	281	454	273	1047	
930	180	749	124	249	136	309	314	296	507	844	899	305	
931	196	612	889	192	474	177	140	433	1455	221	415	648	602	526	516	505	1410	204	777	754	88	493	210	228	615	639	164	193	631	182	458	431	494	518	209	156	427	162	810	202	1019	184	523	179	195	704	645	509	
932	3	366	62	159	131	507	567	176	143	171	1227	451	152	1069	473	474	180	833	49	1187	626	221	173	635	281	392	203	387	577	240	398	208	404	448	225	229	
933	460	189	526	171	155	708	88	172	98	71	649	93	491	971	1424	392	656	791	383	207	505	131	662	203	178	793	161	144	143	169	314	238	225	387	
934	273	116	741	845	283	933	863	
935	249	409	23	126	293	1374	13	1225	281	234	1369	1008	817	312	1367	903	117	865	1376	590	342	404	1085	1159	15	755	136	994	
936	267	293	8	507	49	325	873	125	
937	471	251	472	180	242	125	289	120	327	124	259	283	684	224	234	257	814	239	470	870	545	
938	930	257	120	840	741	507	253	408	325	
939	49	342	284	97	1136	429	507	8	656	300	682	204	470	481	750	7	169	435	691	192	258	
940	299	123	257	0	
941	413	317	96	361	658	486	426	182	944	1027	134	499	302	94	519	
942	755	731	195	422	390	79	398	97	608	41	372	764	719	183	1046	71	414	1066	484	181	738	721	467	404	470	217	37	1010	1027	52	720	942	1	
